"","day","total","A","B","AA","AB","BA","BB"
"1","2006-01-01",22,11,11,7,4,7,4
"2","2006-01-02",23,13,10,9,4,4,6
"3","2006-01-03",29,13,16,9,4,10,6
"4","2006-01-04",28,16,12,7,9,4,8
"5","2006-01-05",20,10,10,6,4,5,5
"6","2006-01-06",28,10,18,4,6,7,11
"7","2006-01-07",24,16,8,8,8,5,3
"8","2006-01-08",23,13,10,7,6,6,4
"9","2006-01-09",20,11,9,5,6,3,6
"10","2006-01-10",26,11,15,7,4,6,9
"11","2006-01-11",28,14,14,8,6,9,5
"12","2006-01-12",25,11,14,6,5,7,7
"13","2006-01-13",21,10,11,7,3,6,5
"14","2006-01-14",20,13,7,9,4,3,4
"15","2006-01-15",17,8,9,4,4,4,5
"16","2006-01-16",16,9,7,5,4,3,4
"17","2006-01-17",26,11,15,5,6,7,8
"18","2006-01-18",23,8,15,2,6,9,6
"19","2006-01-19",27,13,14,8,5,10,4
"20","2006-01-20",28,12,16,5,7,6,10
"21","2006-01-21",21,14,7,3,11,3,4
"22","2006-01-22",22,11,11,7,4,5,6
"23","2006-01-23",16,7,9,2,5,3,6
"24","2006-01-24",22,8,14,4,4,11,3
"25","2006-01-25",22,14,8,7,7,2,6
"26","2006-01-26",24,10,14,5,5,11,3
"27","2006-01-27",21,11,10,3,8,3,7
"28","2006-01-28",24,12,12,7,5,7,5
"29","2006-01-29",29,14,15,6,8,7,8
"30","2006-01-30",24,7,17,5,2,9,8
"31","2006-01-31",24,9,15,3,6,6,9
"32","2006-02-01",22,14,8,8,6,4,4
"33","2006-02-02",21,13,8,10,3,4,4
"34","2006-02-03",24,7,17,4,3,8,9
"35","2006-02-04",22,12,10,3,9,5,5
"36","2006-02-05",29,16,13,8,8,6,7
"37","2006-02-06",22,12,10,6,6,5,5
"38","2006-02-07",19,11,8,7,4,6,2
"39","2006-02-08",23,10,13,7,3,9,4
"40","2006-02-09",19,3,16,1,2,4,12
"41","2006-02-10",20,13,7,7,6,3,4
"42","2006-02-11",31,19,12,12,7,4,8
"43","2006-02-12",17,10,7,5,5,3,4
"44","2006-02-13",21,16,5,7,9,1,4
"45","2006-02-14",23,12,11,6,6,8,3
"46","2006-02-15",22,13,9,4,9,5,4
"47","2006-02-16",24,12,12,5,7,6,6
"48","2006-02-17",21,8,13,4,4,9,4
"49","2006-02-18",23,16,7,6,10,4,3
"50","2006-02-19",21,8,13,4,4,8,5
"51","2006-02-20",14,7,7,4,3,2,5
"52","2006-02-21",13,5,8,2,3,5,3
"53","2006-02-22",12,6,6,2,4,2,4
"54","2006-02-23",22,8,14,3,5,5,9
"55","2006-02-24",24,7,17,3,4,10,7
"56","2006-02-25",24,17,7,9,8,3,4
"57","2006-02-26",26,9,17,5,4,8,9
"58","2006-02-27",18,9,9,6,3,5,4
"59","2006-02-28",16,10,6,5,5,4,2
"60","2006-03-01",15,9,6,2,7,2,4
"61","2006-03-02",26,12,14,4,8,7,7
"62","2006-03-03",29,16,13,8,8,6,7
"63","2006-03-04",26,8,18,7,1,9,9
"64","2006-03-05",23,9,14,4,5,6,8
"65","2006-03-06",21,7,14,3,4,6,8
"66","2006-03-07",24,12,12,4,8,6,6
"67","2006-03-08",21,8,13,3,5,8,5
"68","2006-03-09",17,7,10,2,5,3,7
"69","2006-03-10",21,8,13,3,5,7,6
"70","2006-03-11",15,7,8,4,3,5,3
"71","2006-03-12",22,11,11,8,3,6,5
"72","2006-03-13",22,9,13,3,6,7,6
"73","2006-03-14",23,13,10,5,8,4,6
"74","2006-03-15",22,10,12,5,5,6,6
"75","2006-03-16",20,8,12,5,3,3,9
"76","2006-03-17",17,3,14,0,3,7,7
"77","2006-03-18",13,6,7,3,3,3,4
"78","2006-03-19",28,13,15,6,7,6,9
"79","2006-03-20",18,11,7,5,6,3,4
"80","2006-03-21",29,15,14,6,9,6,8
"81","2006-03-22",16,5,11,4,1,4,7
"82","2006-03-23",25,15,10,9,6,4,6
"83","2006-03-24",13,8,5,4,4,3,2
"84","2006-03-25",23,11,12,6,5,6,6
"85","2006-03-26",21,12,9,6,6,2,7
"86","2006-03-27",17,9,8,3,6,2,6
"87","2006-03-28",25,12,13,7,5,6,7
"88","2006-03-29",19,11,8,6,5,3,5
"89","2006-03-30",18,8,10,4,4,4,6
"90","2006-03-31",13,6,7,2,4,2,5
"91","2006-04-01",20,12,8,8,4,4,4
"92","2006-04-02",23,13,10,8,5,5,5
"93","2006-04-03",9,4,5,2,2,2,3
"94","2006-04-04",26,14,12,7,7,3,9
"95","2006-04-05",21,14,7,7,7,2,5
"96","2006-04-06",19,8,11,4,4,3,8
"97","2006-04-07",20,9,11,4,5,5,6
"98","2006-04-08",16,7,9,4,3,3,6
"99","2006-04-09",16,9,7,4,5,3,4
"100","2006-04-10",20,11,9,5,6,7,2
"101","2006-04-11",16,8,8,5,3,2,6
"102","2006-04-12",25,15,10,6,9,4,6
"103","2006-04-13",23,8,15,4,4,10,5
"104","2006-04-14",22,12,10,3,9,6,4
"105","2006-04-15",19,12,7,4,8,4,3
"106","2006-04-16",18,9,9,6,3,4,5
"107","2006-04-17",22,12,10,7,5,4,6
"108","2006-04-18",19,12,7,6,6,7,0
"109","2006-04-19",18,9,9,7,2,4,5
"110","2006-04-20",18,10,8,8,2,4,4
"111","2006-04-21",23,9,14,4,5,5,9
"112","2006-04-22",25,14,11,10,4,3,8
"113","2006-04-23",23,11,12,5,6,5,7
"114","2006-04-24",17,9,8,3,6,5,3
"115","2006-04-25",25,13,12,6,7,6,6
"116","2006-04-26",23,15,8,9,6,5,3
"117","2006-04-27",15,5,10,4,1,5,5
"118","2006-04-28",22,12,10,6,6,3,7
"119","2006-04-29",26,10,16,4,6,10,6
"120","2006-04-30",26,13,13,8,5,6,7
"121","2006-05-01",21,11,10,5,6,6,4
"122","2006-05-02",20,10,10,4,6,5,5
"123","2006-05-03",28,14,14,7,7,10,4
"124","2006-05-04",26,10,16,6,4,10,6
"125","2006-05-05",15,7,8,3,4,2,6
"126","2006-05-06",17,9,8,4,5,2,6
"127","2006-05-07",21,13,8,7,6,4,4
"128","2006-05-08",18,8,10,2,6,8,2
"129","2006-05-09",14,6,8,2,4,5,3
"130","2006-05-10",22,10,12,7,3,4,8
"131","2006-05-11",22,7,15,5,2,5,10
"132","2006-05-12",27,15,12,8,7,6,6
"133","2006-05-13",16,11,5,8,3,1,4
"134","2006-05-14",27,16,11,11,5,3,8
"135","2006-05-15",19,10,9,7,3,1,8
"136","2006-05-16",26,9,17,5,4,6,11
"137","2006-05-17",21,14,7,8,6,1,6
"138","2006-05-18",20,9,11,5,4,8,3
"139","2006-05-19",22,10,12,8,2,7,5
"140","2006-05-20",24,13,11,5,8,7,4
"141","2006-05-21",31,17,14,7,10,8,6
"142","2006-05-22",18,11,7,9,2,5,2
"143","2006-05-23",20,8,12,4,4,7,5
"144","2006-05-24",16,8,8,3,5,3,5
"145","2006-05-25",21,12,9,3,9,6,3
"146","2006-05-26",30,21,9,12,9,4,5
"147","2006-05-27",18,11,7,6,5,1,6
"148","2006-05-28",19,14,5,10,4,2,3
"149","2006-05-29",25,14,11,8,6,9,2
"150","2006-05-30",27,11,16,4,7,7,9
"151","2006-05-31",27,12,15,5,7,6,9
"152","2006-06-01",21,13,8,6,7,3,5
"153","2006-06-02",26,13,13,6,7,6,7
"154","2006-06-03",22,16,6,10,6,3,3
"155","2006-06-04",17,8,9,3,5,5,4
"156","2006-06-05",15,8,7,2,6,2,5
"157","2006-06-06",25,11,14,5,6,5,9
"158","2006-06-07",17,9,8,2,7,4,4
"159","2006-06-08",19,8,11,5,3,8,3
"160","2006-06-09",18,10,8,6,4,6,2
"161","2006-06-10",17,10,7,7,3,3,4
"162","2006-06-11",12,6,6,2,4,4,2
"163","2006-06-12",25,17,8,10,7,3,5
"164","2006-06-13",19,10,9,5,5,4,5
"165","2006-06-14",25,10,15,5,5,6,9
"166","2006-06-15",27,17,10,9,8,5,5
"167","2006-06-16",22,12,10,8,4,6,4
"168","2006-06-17",29,15,14,8,7,7,7
"169","2006-06-18",20,11,9,5,6,6,3
"170","2006-06-19",23,15,8,8,7,4,4
"171","2006-06-20",19,10,9,5,5,5,4
"172","2006-06-21",16,10,6,6,4,3,3
"173","2006-06-22",14,9,5,3,6,2,3
"174","2006-06-23",20,12,8,5,7,3,5
"175","2006-06-24",12,5,7,1,4,5,2
"176","2006-06-25",29,15,14,10,5,6,8
"177","2006-06-26",26,12,14,6,6,6,8
"178","2006-06-27",23,12,11,4,8,5,6
"179","2006-06-28",19,11,8,3,8,3,5
"180","2006-06-29",12,7,5,5,2,3,2
"181","2006-06-30",21,8,13,5,3,6,7
"182","2006-07-01",17,9,8,4,5,3,5
"183","2006-07-02",26,14,12,10,4,4,8
"184","2006-07-03",27,14,13,6,8,4,9
"185","2006-07-04",20,12,8,8,4,5,3
"186","2006-07-05",20,16,4,8,8,4,0
"187","2006-07-06",18,12,6,6,6,4,2
"188","2006-07-07",27,16,11,10,6,4,7
"189","2006-07-08",20,10,10,5,5,5,5
"190","2006-07-09",24,14,10,6,8,5,5
"191","2006-07-10",22,11,11,3,8,4,7
"192","2006-07-11",27,14,13,7,7,8,5
"193","2006-07-12",22,10,12,4,6,3,9
"194","2006-07-13",17,12,5,5,7,2,3
"195","2006-07-14",29,16,13,7,9,7,6
"196","2006-07-15",26,11,15,4,7,10,5
"197","2006-07-16",22,17,5,11,6,3,2
"198","2006-07-17",17,11,6,7,4,3,3
"199","2006-07-18",24,11,13,5,6,6,7
"200","2006-07-19",22,8,14,6,2,6,8
"201","2006-07-20",18,9,9,6,3,4,5
"202","2006-07-21",29,16,13,11,5,5,8
"203","2006-07-22",18,8,10,1,7,4,6
"204","2006-07-23",27,13,14,7,6,11,3
"205","2006-07-24",17,11,6,4,7,2,4
"206","2006-07-25",19,16,3,7,9,2,1
"207","2006-07-26",20,10,10,7,3,7,3
"208","2006-07-27",18,11,7,7,4,2,5
"209","2006-07-28",21,11,10,9,2,4,6
"210","2006-07-29",18,8,10,4,4,2,8
"211","2006-07-30",13,5,8,1,4,5,3
"212","2006-07-31",24,10,14,6,4,8,6
"213","2006-08-01",25,10,15,4,6,7,8
"214","2006-08-02",17,7,10,3,4,3,7
"215","2006-08-03",24,8,16,3,5,8,8
"216","2006-08-04",23,6,17,3,3,10,7
"217","2006-08-05",21,11,10,8,3,4,6
"218","2006-08-06",24,7,17,4,3,7,10
"219","2006-08-07",22,15,7,6,9,3,4
"220","2006-08-08",30,17,13,11,6,7,6
"221","2006-08-09",25,11,14,6,5,5,9
"222","2006-08-10",25,10,15,8,2,9,6
"223","2006-08-11",25,15,10,9,6,6,4
"224","2006-08-12",29,22,7,15,7,3,4
"225","2006-08-13",30,15,15,11,4,5,10
"226","2006-08-14",21,15,6,11,4,3,3
"227","2006-08-15",18,10,8,5,5,4,4
"228","2006-08-16",26,16,10,11,5,3,7
"229","2006-08-17",21,10,11,6,4,8,3
"230","2006-08-18",23,13,10,9,4,3,7
"231","2006-08-19",28,13,15,7,6,5,10
"232","2006-08-20",23,7,16,4,3,12,4
"233","2006-08-21",18,9,9,7,2,4,5
"234","2006-08-22",23,11,12,6,5,7,5
"235","2006-08-23",15,6,9,1,5,6,3
"236","2006-08-24",14,8,6,4,4,3,3
"237","2006-08-25",28,14,14,5,9,7,7
"238","2006-08-26",11,8,3,3,5,2,1
"239","2006-08-27",23,12,11,6,6,6,5
"240","2006-08-28",15,8,7,3,5,4,3
"241","2006-08-29",22,10,12,7,3,3,9
"242","2006-08-30",18,9,9,4,5,3,6
"243","2006-08-31",26,14,12,3,11,6,6
"244","2006-09-01",22,10,12,5,5,5,7
"245","2006-09-02",29,17,12,9,8,6,6
"246","2006-09-03",23,11,12,3,8,6,6
"247","2006-09-04",18,11,7,6,5,6,1
"248","2006-09-05",18,7,11,3,4,3,8
"249","2006-09-06",16,9,7,2,7,4,3
"250","2006-09-07",23,13,10,5,8,6,4
"251","2006-09-08",20,11,9,5,6,4,5
"252","2006-09-09",23,13,10,5,8,7,3
"253","2006-09-10",21,7,14,7,0,4,10
"254","2006-09-11",24,12,12,8,4,7,5
"255","2006-09-12",21,12,9,7,5,7,2
"256","2006-09-13",23,15,8,8,7,3,5
"257","2006-09-14",19,6,13,1,5,5,8
"258","2006-09-15",19,9,10,5,4,7,3
"259","2006-09-16",18,11,7,4,7,5,2
"260","2006-09-17",26,15,11,10,5,4,7
"261","2006-09-18",23,10,13,3,7,5,8
"262","2006-09-19",24,11,13,6,5,6,7
"263","2006-09-20",20,11,9,6,5,7,2
"264","2006-09-21",17,9,8,3,6,3,5
"265","2006-09-22",21,13,8,8,5,4,4
"266","2006-09-23",26,13,13,11,2,3,10
"267","2006-09-24",19,7,12,5,2,6,6
"268","2006-09-25",23,15,8,12,3,3,5
"269","2006-09-26",23,5,18,2,3,7,11
"270","2006-09-27",22,11,11,8,3,6,5
"271","2006-09-28",23,11,12,7,4,6,6
"272","2006-09-29",16,9,7,2,7,2,5
"273","2006-09-30",19,6,13,3,3,8,5
"274","2006-10-01",19,12,7,7,5,4,3
"275","2006-10-02",20,9,11,2,7,6,5
"276","2006-10-03",22,9,13,4,5,7,6
"277","2006-10-04",26,16,10,9,7,3,7
"278","2006-10-05",19,7,12,5,2,7,5
"279","2006-10-06",20,11,9,4,7,4,5
"280","2006-10-07",22,12,10,7,5,6,4
"281","2006-10-08",19,12,7,7,5,4,3
"282","2006-10-09",15,9,6,5,4,2,4
"283","2006-10-10",23,16,7,9,7,2,5
"284","2006-10-11",23,8,15,4,4,7,8
"285","2006-10-12",14,9,5,4,5,3,2
"286","2006-10-13",23,13,10,5,8,5,5
"287","2006-10-14",21,11,10,3,8,8,2
"288","2006-10-15",30,13,17,8,5,8,9
"289","2006-10-16",16,6,10,4,2,5,5
"290","2006-10-17",20,6,14,1,5,8,6
"291","2006-10-18",30,14,16,7,7,6,10
"292","2006-10-19",21,8,13,6,2,5,8
"293","2006-10-20",18,12,6,5,7,2,4
"294","2006-10-21",26,14,12,9,5,3,9
"295","2006-10-22",18,6,12,3,3,4,8
"296","2006-10-23",20,10,10,5,5,8,2
"297","2006-10-24",18,11,7,5,6,2,5
"298","2006-10-25",17,8,9,3,5,4,5
"299","2006-10-26",19,13,6,8,5,4,2
"300","2006-10-27",15,8,7,5,3,3,4
"301","2006-10-28",22,8,14,5,3,6,8
"302","2006-10-29",22,10,12,4,6,8,4
"303","2006-10-30",25,11,14,7,4,9,5
"304","2006-10-31",23,9,14,4,5,9,5
"305","2006-11-01",21,13,8,5,8,5,3
"306","2006-11-02",18,9,9,3,6,6,3
"307","2006-11-03",23,10,13,5,5,4,9
"308","2006-11-04",29,16,13,8,8,6,7
"309","2006-11-05",16,8,8,8,0,5,3
"310","2006-11-06",21,13,8,7,6,5,3
"311","2006-11-07",25,11,14,5,6,5,9
"312","2006-11-08",25,9,16,6,3,6,10
"313","2006-11-09",14,8,6,3,5,3,3
"314","2006-11-10",30,16,14,7,9,7,7
"315","2006-11-11",21,13,8,9,4,3,5
"316","2006-11-12",18,7,11,4,3,9,2
"317","2006-11-13",15,14,1,5,9,0,1
"318","2006-11-14",16,6,10,3,3,4,6
"319","2006-11-15",19,10,9,5,5,3,6
"320","2006-11-16",22,14,8,5,9,5,3
"321","2006-11-17",24,14,10,4,10,5,5
"322","2006-11-18",19,11,8,7,4,2,6
"323","2006-11-19",26,12,14,5,7,10,4
"324","2006-11-20",20,11,9,9,2,5,4
"325","2006-11-21",23,12,11,8,4,3,8
"326","2006-11-22",18,8,10,4,4,5,5
"327","2006-11-23",20,10,10,5,5,5,5
"328","2006-11-24",24,10,14,5,5,4,10
"329","2006-11-25",24,16,8,7,9,6,2
"330","2006-11-26",20,9,11,7,2,5,6
"331","2006-11-27",19,8,11,5,3,7,4
"332","2006-11-28",13,5,8,4,1,5,3
"333","2006-11-29",18,10,8,7,3,3,5
"334","2006-11-30",20,13,7,7,6,2,5
"335","2006-12-01",18,10,8,3,7,6,2
"336","2006-12-02",19,8,11,6,2,3,8
"337","2006-12-03",21,12,9,6,6,6,3
"338","2006-12-04",17,9,8,3,6,4,4
"339","2006-12-05",24,12,12,7,5,6,6
"340","2006-12-06",19,12,7,5,7,3,4
"341","2006-12-07",22,12,10,6,6,4,6
"342","2006-12-08",14,10,4,5,5,3,1
"343","2006-12-09",23,11,12,7,4,7,5
"344","2006-12-10",24,11,13,7,4,2,11
"345","2006-12-11",25,7,18,3,4,8,10
"346","2006-12-12",27,12,15,7,5,4,11
"347","2006-12-13",14,5,9,2,3,3,6
"348","2006-12-14",18,6,12,3,3,5,7
"349","2006-12-15",23,14,9,5,9,4,5
"350","2006-12-16",25,14,11,7,7,6,5
"351","2006-12-17",15,7,8,4,3,6,2
"352","2006-12-18",22,9,13,6,3,7,6
"353","2006-12-19",22,10,12,6,4,4,8
"354","2006-12-20",10,3,7,2,1,4,3
"355","2006-12-21",21,10,11,5,5,9,2
"356","2006-12-22",15,10,5,6,4,3,2
"357","2006-12-23",19,11,8,9,2,3,5
"358","2006-12-24",26,12,14,10,2,8,6
"359","2006-12-25",24,10,14,6,4,10,4
"360","2006-12-26",16,6,10,3,3,5,5
"361","2006-12-27",22,9,13,7,2,4,9
"362","2006-12-28",27,10,17,3,7,6,11
"363","2006-12-29",24,9,15,5,4,6,9
"364","2006-12-30",17,9,8,7,2,5,3
"365","2006-12-31",14,6,8,4,2,5,3
"366","2007-01-01",16,5,11,1,4,5,6
"367","2007-01-02",19,11,8,6,5,2,6
"368","2007-01-03",26,14,12,4,10,8,4
"369","2007-01-04",27,14,13,7,7,8,5
"370","2007-01-05",17,10,7,8,2,6,1
"371","2007-01-06",17,8,9,4,4,4,5
"372","2007-01-07",22,8,14,4,4,4,10
"373","2007-01-08",28,15,13,8,7,10,3
"374","2007-01-09",31,17,14,11,6,10,4
"375","2007-01-10",24,8,16,5,3,8,8
"376","2007-01-11",28,13,15,8,5,10,5
"377","2007-01-12",19,12,7,6,6,3,4
"378","2007-01-13",23,9,14,2,7,8,6
"379","2007-01-14",16,8,8,2,6,3,5
"380","2007-01-15",28,12,16,8,4,9,7
"381","2007-01-16",24,7,17,2,5,7,10
"382","2007-01-17",25,8,17,3,5,8,9
"383","2007-01-18",25,12,13,7,5,5,8
"384","2007-01-19",20,12,8,8,4,5,3
"385","2007-01-20",29,14,15,3,11,9,6
"386","2007-01-21",28,16,12,10,6,6,6
"387","2007-01-22",15,5,10,3,2,5,5
"388","2007-01-23",23,8,15,2,6,8,7
"389","2007-01-24",21,15,6,8,7,6,0
"390","2007-01-25",20,7,13,5,2,9,4
"391","2007-01-26",18,10,8,4,6,4,4
"392","2007-01-27",32,14,18,10,4,10,8
"393","2007-01-28",18,8,10,7,1,4,6
"394","2007-01-29",19,9,10,5,4,7,3
"395","2007-01-30",17,10,7,3,7,1,6
"396","2007-01-31",18,9,9,3,6,6,3
"397","2007-02-01",27,17,10,11,6,4,6
"398","2007-02-02",29,14,15,8,6,10,5
"399","2007-02-03",19,13,6,8,5,3,3
"400","2007-02-04",23,10,13,4,6,6,7
"401","2007-02-05",29,10,19,7,3,10,9
"402","2007-02-06",19,9,10,4,5,5,5
"403","2007-02-07",26,11,15,5,6,6,9
"404","2007-02-08",19,8,11,3,5,8,3
"405","2007-02-09",35,19,16,13,6,7,9
"406","2007-02-10",15,7,8,4,3,4,4
"407","2007-02-11",26,12,14,5,7,11,3
"408","2007-02-12",22,10,12,4,6,7,5
"409","2007-02-13",14,5,9,4,1,6,3
"410","2007-02-14",12,8,4,3,5,2,2
"411","2007-02-15",18,9,9,7,2,1,8
"412","2007-02-16",25,11,14,4,7,11,3
"413","2007-02-17",22,14,8,3,11,3,5
"414","2007-02-18",16,10,6,4,6,4,2
"415","2007-02-19",18,8,10,3,5,6,4
"416","2007-02-20",14,4,10,3,1,6,4
"417","2007-02-21",19,6,13,4,2,8,5
"418","2007-02-22",23,11,12,6,5,7,5
"419","2007-02-23",21,9,12,5,4,5,7
"420","2007-02-24",20,7,13,3,4,7,6
"421","2007-02-25",14,6,8,3,3,4,4
"422","2007-02-26",25,9,16,3,6,13,3
"423","2007-02-27",12,6,6,2,4,3,3
"424","2007-02-28",25,11,14,7,4,7,7
"425","2007-03-01",19,7,12,4,3,4,8
"426","2007-03-02",24,14,10,11,3,2,8
"427","2007-03-03",16,6,10,3,3,3,7
"428","2007-03-04",10,6,4,4,2,3,1
"429","2007-03-05",18,10,8,5,5,4,4
"430","2007-03-06",23,12,11,8,4,8,3
"431","2007-03-07",32,14,18,7,7,5,13
"432","2007-03-08",17,9,8,5,4,2,6
"433","2007-03-09",26,12,14,6,6,5,9
"434","2007-03-10",18,8,10,4,4,5,5
"435","2007-03-11",28,14,14,5,9,8,6
"436","2007-03-12",22,9,13,3,6,6,7
"437","2007-03-13",22,9,13,4,5,4,9
"438","2007-03-14",19,7,12,5,2,7,5
"439","2007-03-15",18,6,12,4,2,7,5
"440","2007-03-16",30,22,8,12,10,4,4
"441","2007-03-17",15,9,6,7,2,1,5
"442","2007-03-18",27,11,16,9,2,5,11
"443","2007-03-19",18,13,5,6,7,1,4
"444","2007-03-20",18,10,8,5,5,6,2
"445","2007-03-21",21,8,13,4,4,6,7
"446","2007-03-22",23,7,16,2,5,10,6
"447","2007-03-23",31,10,21,6,4,14,7
"448","2007-03-24",21,11,10,5,6,4,6
"449","2007-03-25",25,9,16,3,6,8,8
"450","2007-03-26",18,6,12,4,2,8,4
"451","2007-03-27",29,15,14,8,7,6,8
"452","2007-03-28",18,7,11,3,4,7,4
"453","2007-03-29",16,6,10,4,2,5,5
"454","2007-03-30",15,7,8,3,4,8,0
"455","2007-03-31",20,9,11,6,3,6,5
"456","2007-04-01",25,11,14,4,7,5,9
"457","2007-04-02",22,14,8,8,6,4,4
"458","2007-04-03",17,10,7,5,5,4,3
"459","2007-04-04",11,5,6,1,4,4,2
"460","2007-04-05",29,12,17,6,6,8,9
"461","2007-04-06",20,11,9,5,6,2,7
"462","2007-04-07",17,8,9,3,5,6,3
"463","2007-04-08",20,8,12,4,4,7,5
"464","2007-04-09",23,9,14,4,5,7,7
"465","2007-04-10",18,10,8,7,3,7,1
"466","2007-04-11",30,10,20,7,3,8,12
"467","2007-04-12",19,8,11,2,6,5,6
"468","2007-04-13",16,11,5,5,6,4,1
"469","2007-04-14",13,7,6,2,5,4,2
"470","2007-04-15",24,10,14,6,4,7,7
"471","2007-04-16",21,8,13,2,6,9,4
"472","2007-04-17",14,7,7,2,5,1,6
"473","2007-04-18",21,13,8,5,8,4,4
"474","2007-04-19",25,11,14,6,5,8,6
"475","2007-04-20",12,5,7,3,2,0,7
"476","2007-04-21",18,8,10,3,5,3,7
"477","2007-04-22",17,5,12,4,1,7,5
"478","2007-04-23",21,13,8,9,4,4,4
"479","2007-04-24",31,12,19,5,7,9,10
"480","2007-04-25",27,14,13,7,7,7,6
"481","2007-04-26",22,11,11,5,6,5,6
"482","2007-04-27",18,12,6,5,7,4,2
"483","2007-04-28",26,14,12,7,7,5,7
"484","2007-04-29",22,14,8,7,7,2,6
"485","2007-04-30",14,6,8,2,4,3,5
"486","2007-05-01",13,8,5,6,2,5,0
"487","2007-05-02",18,12,6,6,6,2,4
"488","2007-05-03",13,5,8,0,5,4,4
"489","2007-05-04",19,10,9,4,6,5,4
"490","2007-05-05",24,15,9,6,9,5,4
"491","2007-05-06",17,9,8,3,6,3,5
"492","2007-05-07",22,11,11,4,7,4,7
"493","2007-05-08",19,12,7,6,6,3,4
"494","2007-05-09",19,10,9,5,5,5,4
"495","2007-05-10",22,11,11,7,4,6,5
"496","2007-05-11",25,12,13,6,6,6,7
"497","2007-05-12",16,8,8,3,5,3,5
"498","2007-05-13",20,12,8,5,7,5,3
"499","2007-05-14",22,11,11,3,8,7,4
"500","2007-05-15",15,7,8,4,3,5,3
"501","2007-05-16",15,8,7,2,6,3,4
"502","2007-05-17",23,11,12,6,5,9,3
"503","2007-05-18",15,5,10,3,2,3,7
"504","2007-05-19",20,11,9,4,7,4,5
"505","2007-05-20",22,12,10,8,4,6,4
"506","2007-05-21",17,11,6,6,5,4,2
"507","2007-05-22",26,15,11,7,8,4,7
"508","2007-05-23",26,16,10,9,7,5,5
"509","2007-05-24",19,12,7,4,8,3,4
"510","2007-05-25",21,12,9,5,7,3,6
"511","2007-05-26",17,8,9,4,4,6,3
"512","2007-05-27",27,11,16,5,6,8,8
"513","2007-05-28",23,11,12,3,8,6,6
"514","2007-05-29",22,10,12,8,2,7,5
"515","2007-05-30",25,13,12,7,6,7,5
"516","2007-05-31",22,7,15,5,2,8,7
"517","2007-06-01",17,9,8,4,5,6,2
"518","2007-06-02",16,5,11,3,2,7,4
"519","2007-06-03",26,15,11,8,7,5,6
"520","2007-06-04",15,3,12,2,1,6,6
"521","2007-06-05",31,17,14,6,11,6,8
"522","2007-06-06",24,16,8,4,12,3,5
"523","2007-06-07",22,8,14,3,5,9,5
"524","2007-06-08",29,9,20,5,4,9,11
"525","2007-06-09",24,17,7,14,3,4,3
"526","2007-06-10",22,9,13,6,3,7,6
"527","2007-06-11",16,10,6,5,5,4,2
"528","2007-06-12",19,12,7,9,3,2,5
"529","2007-06-13",19,8,11,7,1,5,6
"530","2007-06-14",26,9,17,5,4,10,7
"531","2007-06-15",20,10,10,5,5,7,3
"532","2007-06-16",16,9,7,4,5,2,5
"533","2007-06-17",27,19,8,11,8,3,5
"534","2007-06-18",25,11,14,6,5,6,8
"535","2007-06-19",23,13,10,6,7,6,4
"536","2007-06-20",21,12,9,6,6,5,4
"537","2007-06-21",18,11,7,7,4,2,5
"538","2007-06-22",23,14,9,9,5,5,4
"539","2007-06-23",20,10,10,5,5,4,6
"540","2007-06-24",22,11,11,4,7,4,7
"541","2007-06-25",11,7,4,3,4,0,4
"542","2007-06-26",25,11,14,5,6,9,5
"543","2007-06-27",15,5,10,2,3,6,4
"544","2007-06-28",23,15,8,7,8,3,5
"545","2007-06-29",23,10,13,4,6,7,6
"546","2007-06-30",21,12,9,6,6,5,4
"547","2007-07-01",15,4,11,2,2,6,5
"548","2007-07-02",13,5,8,2,3,4,4
"549","2007-07-03",23,13,10,7,6,6,4
"550","2007-07-04",19,8,11,1,7,4,7
"551","2007-07-05",21,9,12,2,7,8,4
"552","2007-07-06",21,8,13,7,1,7,6
"553","2007-07-07",18,11,7,4,7,6,1
"554","2007-07-08",20,10,10,7,3,2,8
"555","2007-07-09",16,5,11,4,1,8,3
"556","2007-07-10",22,8,14,3,5,8,6
"557","2007-07-11",21,13,8,9,4,1,7
"558","2007-07-12",15,5,10,2,3,7,3
"559","2007-07-13",23,15,8,4,11,7,1
"560","2007-07-14",25,9,16,7,2,6,10
"561","2007-07-15",19,9,10,5,4,4,6
"562","2007-07-16",18,12,6,7,5,1,5
"563","2007-07-17",16,9,7,5,4,4,3
"564","2007-07-18",20,9,11,2,7,5,6
"565","2007-07-19",23,11,12,9,2,4,8
"566","2007-07-20",20,11,9,6,5,2,7
"567","2007-07-21",20,8,12,6,2,4,8
"568","2007-07-22",12,8,4,3,5,1,3
"569","2007-07-23",18,11,7,7,4,3,4
"570","2007-07-24",16,8,8,6,2,1,7
"571","2007-07-25",16,7,9,5,2,2,7
"572","2007-07-26",20,11,9,8,3,3,6
"573","2007-07-27",14,5,9,3,2,4,5
"574","2007-07-28",20,11,9,6,5,5,4
"575","2007-07-29",21,12,9,6,6,5,4
"576","2007-07-30",16,11,5,4,7,2,3
"577","2007-07-31",23,13,10,5,8,4,6
"578","2007-08-01",19,12,7,6,6,3,4
"579","2007-08-02",19,6,13,3,3,6,7
"580","2007-08-03",22,12,10,6,6,5,5
"581","2007-08-04",32,14,18,8,6,8,10
"582","2007-08-05",18,12,6,8,4,1,5
"583","2007-08-06",21,11,10,8,3,7,3
"584","2007-08-07",25,16,9,6,10,5,4
"585","2007-08-08",23,12,11,6,6,6,5
"586","2007-08-09",20,11,9,6,5,5,4
"587","2007-08-10",13,5,8,2,3,5,3
"588","2007-08-11",24,9,15,6,3,8,7
"589","2007-08-12",28,11,17,5,6,9,8
"590","2007-08-13",29,12,17,5,7,10,7
"591","2007-08-14",21,13,8,7,6,3,5
"592","2007-08-15",14,7,7,3,4,5,2
"593","2007-08-16",20,10,10,7,3,6,4
"594","2007-08-17",14,5,9,2,3,2,7
"595","2007-08-18",27,12,15,5,7,8,7
"596","2007-08-19",18,6,12,3,3,7,5
"597","2007-08-20",25,14,11,9,5,5,6
"598","2007-08-21",22,14,8,8,6,2,6
"599","2007-08-22",23,9,14,7,2,6,8
"600","2007-08-23",24,11,13,3,8,7,6
"601","2007-08-24",21,11,10,7,4,4,6
"602","2007-08-25",14,6,8,5,1,6,2
"603","2007-08-26",25,10,15,6,4,6,9
"604","2007-08-27",24,14,10,8,6,5,5
"605","2007-08-28",22,8,14,4,4,8,6
"606","2007-08-29",16,7,9,6,1,3,6
"607","2007-08-30",30,13,17,8,5,10,7
"608","2007-08-31",34,19,15,10,9,6,9
"609","2007-09-01",17,9,8,6,3,6,2
"610","2007-09-02",21,8,13,4,4,3,10
"611","2007-09-03",23,10,13,6,4,9,4
"612","2007-09-04",23,17,6,8,9,3,3
"613","2007-09-05",18,8,10,4,4,6,4
"614","2007-09-06",21,11,10,8,3,3,7
"615","2007-09-07",26,12,14,7,5,8,6
"616","2007-09-08",28,13,15,6,7,8,7
"617","2007-09-09",18,7,11,2,5,8,3
"618","2007-09-10",25,12,13,7,5,7,6
"619","2007-09-11",25,10,15,7,3,9,6
"620","2007-09-12",16,8,8,5,3,4,4
"621","2007-09-13",27,14,13,9,5,9,4
"622","2007-09-14",18,5,13,1,4,4,9
"623","2007-09-15",18,9,9,5,4,4,5
"624","2007-09-16",22,14,8,7,7,5,3
"625","2007-09-17",26,20,6,11,9,1,5
"626","2007-09-18",23,14,9,9,5,6,3
"627","2007-09-19",21,11,10,7,4,3,7
"628","2007-09-20",29,19,10,5,14,4,6
"629","2007-09-21",21,13,8,7,6,4,4
"630","2007-09-22",21,8,13,4,4,4,9
"631","2007-09-23",18,6,12,3,3,3,9
"632","2007-09-24",20,6,14,2,4,5,9
"633","2007-09-25",20,12,8,6,6,3,5
"634","2007-09-26",22,12,10,6,6,3,7
"635","2007-09-27",17,10,7,5,5,4,3
"636","2007-09-28",27,17,10,8,9,5,5
"637","2007-09-29",24,8,16,4,4,12,4
"638","2007-09-30",26,15,11,8,7,4,7
"639","2007-10-01",22,12,10,8,4,3,7
"640","2007-10-02",20,11,9,8,3,4,5
"641","2007-10-03",15,6,9,3,3,5,4
"642","2007-10-04",21,7,14,3,4,5,9
"643","2007-10-05",25,18,7,7,11,4,3
"644","2007-10-06",18,9,9,3,6,3,6
"645","2007-10-07",21,12,9,5,7,2,7
"646","2007-10-08",19,11,8,3,8,7,1
"647","2007-10-09",18,12,6,5,7,4,2
"648","2007-10-10",21,12,9,6,6,5,4
"649","2007-10-11",22,10,12,3,7,6,6
"650","2007-10-12",27,15,12,8,7,10,2
"651","2007-10-13",21,14,7,6,8,3,4
"652","2007-10-14",17,9,8,4,5,2,6
"653","2007-10-15",26,15,11,7,8,7,4
"654","2007-10-16",13,6,7,2,4,5,2
"655","2007-10-17",21,11,10,6,5,4,6
"656","2007-10-18",26,12,14,1,11,7,7
"657","2007-10-19",24,15,9,1,14,5,4
"658","2007-10-20",29,9,20,4,5,11,9
"659","2007-10-21",24,12,12,7,5,9,3
"660","2007-10-22",25,6,19,4,2,9,10
"661","2007-10-23",20,8,12,4,4,5,7
"662","2007-10-24",20,10,10,4,6,4,6
"663","2007-10-25",20,7,13,5,2,4,9
"664","2007-10-26",22,12,10,6,6,5,5
"665","2007-10-27",13,5,8,4,1,4,4
"666","2007-10-28",23,6,17,4,2,8,9
"667","2007-10-29",19,9,10,4,5,5,5
"668","2007-10-30",25,10,15,4,6,8,7
"669","2007-10-31",24,15,9,8,7,4,5
"670","2007-11-01",23,12,11,4,8,6,5
"671","2007-11-02",18,8,10,6,2,6,4
"672","2007-11-03",33,20,13,13,7,7,6
"673","2007-11-04",18,7,11,5,2,4,7
"674","2007-11-05",21,12,9,4,8,6,3
"675","2007-11-06",14,9,5,4,5,4,1
"676","2007-11-07",20,13,7,8,5,3,4
"677","2007-11-08",25,12,13,6,6,8,5
"678","2007-11-09",25,10,15,5,5,10,5
"679","2007-11-10",23,11,12,8,3,9,3
"680","2007-11-11",18,10,8,5,5,5,3
"681","2007-11-12",25,12,13,5,7,7,6
"682","2007-11-13",28,10,18,3,7,10,8
"683","2007-11-14",23,11,12,6,5,8,4
"684","2007-11-15",28,10,18,3,7,12,6
"685","2007-11-16",24,12,12,7,5,6,6
"686","2007-11-17",22,11,11,7,4,5,6
"687","2007-11-18",20,7,13,2,5,4,9
"688","2007-11-19",21,10,11,5,5,8,3
"689","2007-11-20",24,10,14,5,5,8,6
"690","2007-11-21",20,11,9,6,5,3,6
"691","2007-11-22",11,6,5,2,4,1,4
"692","2007-11-23",24,11,13,6,5,9,4
"693","2007-11-24",21,9,12,3,6,7,5
"694","2007-11-25",13,8,5,3,5,3,2
"695","2007-11-26",18,10,8,4,6,5,3
"696","2007-11-27",26,12,14,4,8,6,8
"697","2007-11-28",24,15,9,9,6,4,5
"698","2007-11-29",14,8,6,5,3,3,3
"699","2007-11-30",26,16,10,7,9,4,6
"700","2007-12-01",21,10,11,6,4,4,7
"701","2007-12-02",19,10,9,5,5,4,5
"702","2007-12-03",24,15,9,7,8,6,3
"703","2007-12-04",23,7,16,6,1,11,5
"704","2007-12-05",20,12,8,8,4,6,2
"705","2007-12-06",17,7,10,3,4,8,2
"706","2007-12-07",20,14,6,7,7,2,4
"707","2007-12-08",16,9,7,6,3,2,5
"708","2007-12-09",29,16,13,8,8,7,6
"709","2007-12-10",22,7,15,3,4,8,7
"710","2007-12-11",24,13,11,8,5,5,6
"711","2007-12-12",29,14,15,4,10,5,10
"712","2007-12-13",24,16,8,4,12,3,5
"713","2007-12-14",17,10,7,8,2,3,4
"714","2007-12-15",19,10,9,4,6,5,4
"715","2007-12-16",21,13,8,6,7,4,4
"716","2007-12-17",21,10,11,6,4,4,7
"717","2007-12-18",19,10,9,3,7,6,3
"718","2007-12-19",19,4,15,1,3,7,8
"719","2007-12-20",25,12,13,7,5,6,7
"720","2007-12-21",21,15,6,7,8,4,2
"721","2007-12-22",23,14,9,9,5,5,4
"722","2007-12-23",18,10,8,3,7,3,5
"723","2007-12-24",28,15,13,8,7,4,9
"724","2007-12-25",21,10,11,6,4,6,5
"725","2007-12-26",15,5,10,3,2,5,5
"726","2007-12-27",13,7,6,4,3,2,4
"727","2007-12-28",12,4,8,2,2,6,2
"728","2007-12-29",24,9,15,4,5,10,5
"729","2007-12-30",20,9,11,6,3,4,7
"730","2007-12-31",16,10,6,7,3,4,2
"731","2008-01-01",23,12,11,3,9,8,3
"732","2008-01-02",31,13,18,3,10,11,7
"733","2008-01-03",25,15,10,7,8,7,3
"734","2008-01-04",20,6,14,4,2,8,6
"735","2008-01-05",19,9,10,3,6,5,5
"736","2008-01-06",17,8,9,5,3,7,2
"737","2008-01-07",20,12,8,6,6,2,6
"738","2008-01-08",14,6,8,5,1,4,4
"739","2008-01-09",24,14,10,12,2,6,4
"740","2008-01-10",14,8,6,4,4,4,2
"741","2008-01-11",15,9,6,3,6,3,3
"742","2008-01-12",23,12,11,9,3,4,7
"743","2008-01-13",21,10,11,6,4,4,7
"744","2008-01-14",27,16,11,8,8,7,4
"745","2008-01-15",18,9,9,3,6,2,7
"746","2008-01-16",32,13,19,5,8,6,13
"747","2008-01-17",23,11,12,2,9,5,7
"748","2008-01-18",22,11,11,4,7,5,6
"749","2008-01-19",33,17,16,4,13,9,7
"750","2008-01-20",23,10,13,3,7,6,7
"751","2008-01-21",22,10,12,6,4,4,8
"752","2008-01-22",17,8,9,3,5,4,5
"753","2008-01-23",22,10,12,6,4,3,9
"754","2008-01-24",21,11,10,6,5,5,5
"755","2008-01-25",16,9,7,3,6,4,3
"756","2008-01-26",17,11,6,3,8,5,1
"757","2008-01-27",19,10,9,5,5,7,2
"758","2008-01-28",22,10,12,4,6,4,8
"759","2008-01-29",16,6,10,2,4,4,6
"760","2008-01-30",32,17,15,10,7,6,9
"761","2008-01-31",14,6,8,2,4,6,2
"762","2008-02-01",21,9,12,3,6,6,6
"763","2008-02-02",25,11,14,6,5,9,5
"764","2008-02-03",26,11,15,3,8,11,4
"765","2008-02-04",23,13,10,9,4,4,6
"766","2008-02-05",24,13,11,7,6,6,5
"767","2008-02-06",19,10,9,2,8,5,4
"768","2008-02-07",19,5,14,3,2,9,5
"769","2008-02-08",18,9,9,6,3,4,5
"770","2008-02-09",19,7,12,5,2,3,9
"771","2008-02-10",21,9,12,5,4,10,2
"772","2008-02-11",25,16,9,9,7,3,6
"773","2008-02-12",20,7,13,2,5,6,7
"774","2008-02-13",18,6,12,4,2,10,2
"775","2008-02-14",26,12,14,6,6,7,7
"776","2008-02-15",22,12,10,9,3,1,9
"777","2008-02-16",21,8,13,3,5,3,10
"778","2008-02-17",24,13,11,6,7,6,5
"779","2008-02-18",13,5,8,5,0,3,5
"780","2008-02-19",27,17,10,5,12,4,6
"781","2008-02-20",27,13,14,8,5,4,10
"782","2008-02-21",17,10,7,2,8,5,2
"783","2008-02-22",28,13,15,7,6,9,6
"784","2008-02-23",36,17,19,11,6,10,9
"785","2008-02-24",16,9,7,5,4,3,4
"786","2008-02-25",18,10,8,3,7,3,5
"787","2008-02-26",25,13,12,5,8,4,8
"788","2008-02-27",19,8,11,5,3,8,3
"789","2008-02-28",23,13,10,7,6,5,5
"790","2008-02-29",23,10,13,5,5,10,3
"791","2008-03-01",28,13,15,8,5,10,5
"792","2008-03-02",12,7,5,4,3,1,4
"793","2008-03-03",20,12,8,7,5,4,4
"794","2008-03-04",15,6,9,4,2,6,3
"795","2008-03-05",21,13,8,7,6,4,4
"796","2008-03-06",19,12,7,10,2,5,2
"797","2008-03-07",22,12,10,8,4,3,7
"798","2008-03-08",22,13,9,6,7,6,3
"799","2008-03-09",21,12,9,5,7,5,4
"800","2008-03-10",26,12,14,7,5,8,6
"801","2008-03-11",20,10,10,6,4,4,6
"802","2008-03-12",18,8,10,4,4,6,4
"803","2008-03-13",23,18,5,8,10,5,0
"804","2008-03-14",12,5,7,3,2,3,4
"805","2008-03-15",19,10,9,5,5,5,4
"806","2008-03-16",25,10,15,6,4,6,9
"807","2008-03-17",23,8,15,4,4,6,9
"808","2008-03-18",27,16,11,6,10,7,4
"809","2008-03-19",24,10,14,6,4,7,7
"810","2008-03-20",24,15,9,7,8,5,4
"811","2008-03-21",24,12,12,3,9,8,4
"812","2008-03-22",22,9,13,4,5,5,8
"813","2008-03-23",19,12,7,7,5,6,1
"814","2008-03-24",16,9,7,4,5,5,2
"815","2008-03-25",23,17,6,8,9,4,2
"816","2008-03-26",19,11,8,5,6,6,2
"817","2008-03-27",16,8,8,4,4,2,6
"818","2008-03-28",16,12,4,9,3,3,1
"819","2008-03-29",31,19,12,8,11,5,7
"820","2008-03-30",28,15,13,9,6,5,8
"821","2008-03-31",24,13,11,5,8,4,7
"822","2008-04-01",22,13,9,7,6,6,3
"823","2008-04-02",25,11,14,3,8,8,6
"824","2008-04-03",20,13,7,6,7,2,5
"825","2008-04-04",30,19,11,12,7,4,7
"826","2008-04-05",13,8,5,5,3,3,2
"827","2008-04-06",16,9,7,4,5,2,5
"828","2008-04-07",15,5,10,0,5,8,2
"829","2008-04-08",24,12,12,5,7,3,9
"830","2008-04-09",18,9,9,4,5,4,5
"831","2008-04-10",22,11,11,5,6,7,4
"832","2008-04-11",29,17,12,8,9,8,4
"833","2008-04-12",20,13,7,9,4,2,5
"834","2008-04-13",23,15,8,3,12,6,2
"835","2008-04-14",21,7,14,1,6,6,8
"836","2008-04-15",22,12,10,6,6,7,3
"837","2008-04-16",33,19,14,11,8,6,8
"838","2008-04-17",25,15,10,6,9,7,3
"839","2008-04-18",17,11,6,6,5,3,3
"840","2008-04-19",16,8,8,5,3,3,5
"841","2008-04-20",26,12,14,5,7,8,6
"842","2008-04-21",18,9,9,2,7,5,4
"843","2008-04-22",18,12,6,6,6,4,2
"844","2008-04-23",21,8,13,2,6,7,6
"845","2008-04-24",20,9,11,4,5,6,5
"846","2008-04-25",23,12,11,8,4,5,6
"847","2008-04-26",20,10,10,4,6,5,5
"848","2008-04-27",16,6,10,4,2,6,4
"849","2008-04-28",23,10,13,5,5,6,7
"850","2008-04-29",22,11,11,5,6,6,5
"851","2008-04-30",12,8,4,4,4,3,1
"852","2008-05-01",21,7,14,5,2,10,4
"853","2008-05-02",28,12,16,8,4,9,7
"854","2008-05-03",20,10,10,6,4,6,4
"855","2008-05-04",18,8,10,5,3,6,4
"856","2008-05-05",21,5,16,1,4,10,6
"857","2008-05-06",13,8,5,4,4,3,2
"858","2008-05-07",14,7,7,2,5,4,3
"859","2008-05-08",15,9,6,2,7,5,1
"860","2008-05-09",28,14,14,8,6,4,10
"861","2008-05-10",26,7,19,3,4,11,8
"862","2008-05-11",25,9,16,6,3,5,11
"863","2008-05-12",12,5,7,2,3,6,1
"864","2008-05-13",28,14,14,7,7,7,7
"865","2008-05-14",21,9,12,3,6,6,6
"866","2008-05-15",26,13,13,3,10,4,9
"867","2008-05-16",25,10,15,6,4,11,4
"868","2008-05-17",24,11,13,6,5,7,6
"869","2008-05-18",19,5,14,3,2,6,8
"870","2008-05-19",23,10,13,5,5,7,6
"871","2008-05-20",16,8,8,4,4,5,3
"872","2008-05-21",17,11,6,5,6,3,3
"873","2008-05-22",23,11,12,6,5,9,3
"874","2008-05-23",19,12,7,8,4,3,4
"875","2008-05-24",23,16,7,11,5,6,1
"876","2008-05-25",24,12,12,7,5,6,6
"877","2008-05-26",20,11,9,4,7,7,2
"878","2008-05-27",22,11,11,5,6,5,6
"879","2008-05-28",19,8,11,3,5,6,5
"880","2008-05-29",20,12,8,4,8,5,3
"881","2008-05-30",17,8,9,5,3,2,7
"882","2008-05-31",19,9,10,6,3,6,4
"883","2008-06-01",22,7,15,3,4,5,10
"884","2008-06-02",19,10,9,4,6,4,5
"885","2008-06-03",18,10,8,5,5,1,7
"886","2008-06-04",11,5,6,0,5,3,3
"887","2008-06-05",21,11,10,5,6,5,5
"888","2008-06-06",20,11,9,5,6,5,4
"889","2008-06-07",25,16,9,6,10,2,7
"890","2008-06-08",16,6,10,4,2,4,6
"891","2008-06-09",24,17,7,10,7,2,5
"892","2008-06-10",24,11,13,7,4,7,6
"893","2008-06-11",25,17,8,9,8,3,5
"894","2008-06-12",25,7,18,0,7,8,10
"895","2008-06-13",19,9,10,5,4,5,5
"896","2008-06-14",39,20,19,14,6,9,10
"897","2008-06-15",22,15,7,7,8,4,3
"898","2008-06-16",21,9,12,5,4,6,6
"899","2008-06-17",18,9,9,5,4,6,3
"900","2008-06-18",19,9,10,4,5,5,5
"901","2008-06-19",25,10,15,5,5,8,7
"902","2008-06-20",25,14,11,6,8,7,4
"903","2008-06-21",26,15,11,7,8,6,5
"904","2008-06-22",23,11,12,7,4,6,6
"905","2008-06-23",25,9,16,5,4,7,9
"906","2008-06-24",21,7,14,3,4,11,3
"907","2008-06-25",30,17,13,9,8,7,6
"908","2008-06-26",23,13,10,9,4,6,4
"909","2008-06-27",18,8,10,4,4,6,4
"910","2008-06-28",17,10,7,8,2,2,5
"911","2008-06-29",23,11,12,6,5,6,6
"912","2008-06-30",22,11,11,6,5,4,7
"913","2008-07-01",19,12,7,7,5,4,3
"914","2008-07-02",20,11,9,7,4,4,5
"915","2008-07-03",16,8,8,1,7,5,3
"916","2008-07-04",13,5,8,2,3,4,4
"917","2008-07-05",20,8,12,3,5,5,7
"918","2008-07-06",22,13,9,5,8,2,7
"919","2008-07-07",23,7,16,5,2,8,8
"920","2008-07-08",18,10,8,5,5,5,3
"921","2008-07-09",28,14,14,10,4,6,8
"922","2008-07-10",17,4,13,1,3,4,9
"923","2008-07-11",13,9,4,6,3,2,2
"924","2008-07-12",20,13,7,3,10,4,3
"925","2008-07-13",12,10,2,4,6,1,1
"926","2008-07-14",17,9,8,3,6,5,3
"927","2008-07-15",14,7,7,4,3,3,4
"928","2008-07-16",21,12,9,6,6,5,4
"929","2008-07-17",19,10,9,6,4,6,3
"930","2008-07-18",20,15,5,9,6,3,2
"931","2008-07-19",18,10,8,3,7,2,6
"932","2008-07-20",23,10,13,4,6,6,7
"933","2008-07-21",24,13,11,7,6,5,6
"934","2008-07-22",26,13,13,3,10,5,8
"935","2008-07-23",24,9,15,3,6,9,6
"936","2008-07-24",19,11,8,9,2,3,5
"937","2008-07-25",16,10,6,6,4,6,0
"938","2008-07-26",26,9,17,3,6,9,8
"939","2008-07-27",23,13,10,8,5,5,5
"940","2008-07-28",23,10,13,5,5,5,8
"941","2008-07-29",27,16,11,8,8,8,3
"942","2008-07-30",20,12,8,4,8,3,5
"943","2008-07-31",18,14,4,8,6,0,4
"944","2008-08-01",15,8,7,5,3,2,5
"945","2008-08-02",25,14,11,9,5,6,5
"946","2008-08-03",26,11,15,4,7,6,9
"947","2008-08-04",15,9,6,5,4,2,4
"948","2008-08-05",25,12,13,5,7,5,8
"949","2008-08-06",28,17,11,12,5,5,6
"950","2008-08-07",22,12,10,7,5,5,5
"951","2008-08-08",14,6,8,3,3,5,3
"952","2008-08-09",14,9,5,3,6,4,1
"953","2008-08-10",19,7,12,4,3,6,6
"954","2008-08-11",18,7,11,4,3,5,6
"955","2008-08-12",18,5,13,5,0,7,6
"956","2008-08-13",18,9,9,4,5,6,3
"957","2008-08-14",22,11,11,5,6,6,5
"958","2008-08-15",18,12,6,6,6,3,3
"959","2008-08-16",9,4,5,3,1,3,2
"960","2008-08-17",14,7,7,2,5,2,5
"961","2008-08-18",13,8,5,3,5,2,3
"962","2008-08-19",17,8,9,5,3,5,4
"963","2008-08-20",18,3,15,1,2,4,11
"964","2008-08-21",23,12,11,4,8,6,5
"965","2008-08-22",21,9,12,2,7,9,3
"966","2008-08-23",22,14,8,9,5,4,4
"967","2008-08-24",13,9,4,4,5,1,3
"968","2008-08-25",14,7,7,2,5,2,5
"969","2008-08-26",15,4,11,3,1,5,6
"970","2008-08-27",16,8,8,6,2,4,4
"971","2008-08-28",12,7,5,3,4,3,2
"972","2008-08-29",22,8,14,3,5,5,9
"973","2008-08-30",22,8,14,2,6,7,7
"974","2008-08-31",29,16,13,7,9,8,5
"975","2008-09-01",24,14,10,7,7,7,3
"976","2008-09-02",18,7,11,5,2,6,5
"977","2008-09-03",23,13,10,7,6,5,5
"978","2008-09-04",21,8,13,5,3,4,9
"979","2008-09-05",23,15,8,9,6,5,3
"980","2008-09-06",20,12,8,3,9,5,3
"981","2008-09-07",16,5,11,2,3,5,6
"982","2008-09-08",21,13,8,8,5,3,5
"983","2008-09-09",16,11,5,7,4,2,3
"984","2008-09-10",22,9,13,3,6,4,9
"985","2008-09-11",13,7,6,3,4,4,2
"986","2008-09-12",21,13,8,9,4,4,4
"987","2008-09-13",19,6,13,2,4,9,4
"988","2008-09-14",22,10,12,8,2,8,4
"989","2008-09-15",23,12,11,5,7,6,5
"990","2008-09-16",19,8,11,3,5,6,5
"991","2008-09-17",21,8,13,3,5,6,7
"992","2008-09-18",21,10,11,4,6,3,8
"993","2008-09-19",18,11,7,6,5,3,4
"994","2008-09-20",19,9,10,4,5,4,6
"995","2008-09-21",21,7,14,5,2,8,6
"996","2008-09-22",27,14,13,7,7,8,5
"997","2008-09-23",11,5,6,3,2,3,3
"998","2008-09-24",28,19,9,6,13,3,6
"999","2008-09-25",13,7,6,3,4,1,5
"1000","2008-09-26",17,7,10,3,4,4,6
"1001","2008-09-27",23,16,7,5,11,4,3
"1002","2008-09-28",21,8,13,3,5,4,9
"1003","2008-09-29",22,17,5,10,7,2,3
"1004","2008-09-30",13,6,7,3,3,2,5
"1005","2008-10-01",27,14,13,7,7,8,5
"1006","2008-10-02",21,8,13,2,6,5,8
"1007","2008-10-03",20,6,14,4,2,4,10
"1008","2008-10-04",19,11,8,4,7,4,4
"1009","2008-10-05",21,11,10,4,7,7,3
"1010","2008-10-06",27,17,10,8,9,7,3
"1011","2008-10-07",24,10,14,4,6,8,6
"1012","2008-10-08",20,9,11,4,5,7,4
"1013","2008-10-09",22,12,10,6,6,4,6
"1014","2008-10-10",20,12,8,4,8,6,2
"1015","2008-10-11",14,6,8,1,5,2,6
"1016","2008-10-12",23,12,11,6,6,5,6
"1017","2008-10-13",16,12,4,10,2,1,3
"1018","2008-10-14",22,10,12,7,3,5,7
"1019","2008-10-15",12,6,6,2,4,5,1
"1020","2008-10-16",28,18,10,7,11,5,5
"1021","2008-10-17",22,9,13,6,3,9,4
"1022","2008-10-18",22,9,13,3,6,8,5
"1023","2008-10-19",21,7,14,4,3,10,4
"1024","2008-10-20",27,15,12,10,5,6,6
"1025","2008-10-21",20,7,13,4,3,6,7
"1026","2008-10-22",25,12,13,6,6,2,11
"1027","2008-10-23",16,8,8,4,4,3,5
"1028","2008-10-24",17,5,12,4,1,5,7
"1029","2008-10-25",17,6,11,4,2,4,7
"1030","2008-10-26",30,16,14,7,9,6,8
"1031","2008-10-27",24,11,13,5,6,6,7
"1032","2008-10-28",23,11,12,4,7,6,6
"1033","2008-10-29",22,11,11,5,6,7,4
"1034","2008-10-30",18,9,9,5,4,4,5
"1035","2008-10-31",23,14,9,12,2,3,6
"1036","2008-11-01",22,8,14,5,3,4,10
"1037","2008-11-02",18,7,11,3,4,6,5
"1038","2008-11-03",26,12,14,8,4,8,6
"1039","2008-11-04",19,12,7,4,8,3,4
"1040","2008-11-05",22,9,13,7,2,5,8
"1041","2008-11-06",28,17,11,7,10,6,5
"1042","2008-11-07",33,14,19,7,7,9,10
"1043","2008-11-08",25,10,15,5,5,5,10
"1044","2008-11-09",21,7,14,3,4,7,7
"1045","2008-11-10",22,13,9,5,8,4,5
"1046","2008-11-11",29,15,14,6,9,4,10
"1047","2008-11-12",16,8,8,7,1,6,2
"1048","2008-11-13",27,13,14,8,5,8,6
"1049","2008-11-14",19,9,10,4,5,4,6
"1050","2008-11-15",27,9,18,4,5,8,10
"1051","2008-11-16",22,10,12,3,7,5,7
"1052","2008-11-17",17,5,12,1,4,3,9
"1053","2008-11-18",16,10,6,4,6,5,1
"1054","2008-11-19",27,15,12,8,7,11,1
"1055","2008-11-20",16,9,7,4,5,3,4
"1056","2008-11-21",22,7,15,4,3,7,8
"1057","2008-11-22",19,13,6,6,7,2,4
"1058","2008-11-23",18,8,10,5,3,2,8
"1059","2008-11-24",20,14,6,6,8,3,3
"1060","2008-11-25",22,15,7,9,6,4,3
"1061","2008-11-26",18,10,8,6,4,1,7
"1062","2008-11-27",25,18,7,12,6,4,3
"1063","2008-11-28",15,9,6,4,5,5,1
"1064","2008-11-29",24,13,11,6,7,5,6
"1065","2008-11-30",21,10,11,3,7,6,5
"1066","2008-12-01",22,13,9,2,11,6,3
"1067","2008-12-02",16,3,13,2,1,4,9
"1068","2008-12-03",16,9,7,5,4,4,3
"1069","2008-12-04",17,7,10,4,3,4,6
"1070","2008-12-05",19,9,10,5,4,4,6
"1071","2008-12-06",27,14,13,10,4,7,6
"1072","2008-12-07",17,5,12,2,3,8,4
"1073","2008-12-08",18,8,10,1,7,6,4
"1074","2008-12-09",16,10,6,4,6,2,4
"1075","2008-12-10",16,9,7,2,7,2,5
"1076","2008-12-11",17,7,10,5,2,6,4
"1077","2008-12-12",15,5,10,2,3,3,7
"1078","2008-12-13",17,10,7,3,7,6,1
"1079","2008-12-14",28,13,15,5,8,8,7
"1080","2008-12-15",22,7,15,5,2,9,6
"1081","2008-12-16",14,7,7,4,3,2,5
"1082","2008-12-17",29,11,18,4,7,9,9
"1083","2008-12-18",25,12,13,5,7,7,6
"1084","2008-12-19",28,10,18,5,5,14,4
"1085","2008-12-20",17,7,10,2,5,4,6
"1086","2008-12-21",27,15,12,5,10,4,8
"1087","2008-12-22",35,16,19,8,8,7,12
"1088","2008-12-23",16,8,8,5,3,5,3
"1089","2008-12-24",15,9,6,4,5,1,5
"1090","2008-12-25",26,14,12,4,10,6,6
"1091","2008-12-26",20,12,8,5,7,3,5
"1092","2008-12-27",18,11,7,9,2,4,3
"1093","2008-12-28",18,10,8,6,4,5,3
"1094","2008-12-29",16,8,8,1,7,6,2
"1095","2008-12-30",19,8,11,3,5,7,4
"1096","2008-12-31",17,11,6,6,5,5,1
"1097","2009-01-01",24,14,10,9,5,6,4
"1098","2009-01-02",22,11,11,5,6,7,4
"1099","2009-01-03",30,13,17,10,3,9,8
"1100","2009-01-04",21,6,15,6,0,7,8
"1101","2009-01-05",29,11,18,6,5,13,5
"1102","2009-01-06",15,5,10,1,4,5,5
"1103","2009-01-07",28,13,15,9,4,12,3
"1104","2009-01-08",29,17,12,7,10,6,6
"1105","2009-01-09",18,7,11,2,5,2,9
"1106","2009-01-10",21,8,13,4,4,5,8
"1107","2009-01-11",30,19,11,9,10,5,6
"1108","2009-01-12",18,11,7,6,5,5,2
"1109","2009-01-13",19,10,9,6,4,4,5
"1110","2009-01-14",20,13,7,8,5,4,3
"1111","2009-01-15",14,7,7,1,6,3,4
"1112","2009-01-16",24,9,15,5,4,5,10
"1113","2009-01-17",23,13,10,9,4,2,8
"1114","2009-01-18",24,6,18,2,4,11,7
"1115","2009-01-19",25,13,12,12,1,7,5
"1116","2009-01-20",15,9,6,5,4,2,4
"1117","2009-01-21",21,9,12,6,3,5,7
"1118","2009-01-22",13,10,3,6,4,1,2
"1119","2009-01-23",16,10,6,4,6,0,6
"1120","2009-01-24",15,6,9,6,0,4,5
"1121","2009-01-25",22,13,9,8,5,4,5
"1122","2009-01-26",12,6,6,3,3,1,5
"1123","2009-01-27",16,10,6,6,4,3,3
"1124","2009-01-28",27,13,14,4,9,5,9
"1125","2009-01-29",16,8,8,6,2,4,4
"1126","2009-01-30",19,10,9,5,5,5,4
"1127","2009-01-31",29,15,14,8,7,4,10
"1128","2009-02-01",23,17,6,10,7,2,4
"1129","2009-02-02",20,11,9,4,7,6,3
"1130","2009-02-03",15,12,3,6,6,2,1
"1131","2009-02-04",18,11,7,3,8,3,4
"1132","2009-02-05",22,8,14,6,2,9,5
"1133","2009-02-06",22,11,11,6,5,8,3
"1134","2009-02-07",30,21,9,9,12,4,5
"1135","2009-02-08",20,12,8,7,5,5,3
"1136","2009-02-09",17,8,9,3,5,2,7
"1137","2009-02-10",26,14,12,8,6,7,5
"1138","2009-02-11",21,9,12,3,6,4,8
"1139","2009-02-12",12,3,9,1,2,5,4
"1140","2009-02-13",16,7,9,4,3,7,2
"1141","2009-02-14",15,10,5,4,6,1,4
"1142","2009-02-15",21,15,6,8,7,3,3
"1143","2009-02-16",9,3,6,2,1,4,2
"1144","2009-02-17",22,12,10,5,7,7,3
"1145","2009-02-18",23,12,11,9,3,6,5
"1146","2009-02-19",22,10,12,5,5,8,4
"1147","2009-02-20",22,9,13,4,5,9,4
"1148","2009-02-21",14,7,7,0,7,2,5
"1149","2009-02-22",18,10,8,4,6,7,1
"1150","2009-02-23",31,13,18,8,5,12,6
"1151","2009-02-24",26,8,18,4,4,11,7
"1152","2009-02-25",21,8,13,3,5,5,8
"1153","2009-02-26",21,8,13,3,5,7,6
"1154","2009-02-27",16,6,10,3,3,6,4
"1155","2009-02-28",21,10,11,3,7,5,6
"1156","2009-03-01",23,9,14,6,3,7,7
"1157","2009-03-02",20,12,8,5,7,2,6
"1158","2009-03-03",28,9,19,4,5,4,15
"1159","2009-03-04",16,11,5,5,6,5,0
"1160","2009-03-05",23,10,13,5,5,10,3
"1161","2009-03-06",16,7,9,4,3,4,5
"1162","2009-03-07",23,14,9,3,11,4,5
"1163","2009-03-08",16,7,9,3,4,5,4
"1164","2009-03-09",31,17,14,9,8,7,7
"1165","2009-03-10",19,9,10,6,3,6,4
"1166","2009-03-11",17,10,7,6,4,1,6
"1167","2009-03-12",17,10,7,5,5,2,5
"1168","2009-03-13",20,10,10,6,4,3,7
"1169","2009-03-14",20,7,13,2,5,4,9
"1170","2009-03-15",19,8,11,6,2,7,4
"1171","2009-03-16",16,7,9,2,5,5,4
"1172","2009-03-17",16,7,9,6,1,4,5
"1173","2009-03-18",22,12,10,7,5,3,7
"1174","2009-03-19",20,11,9,6,5,3,6
"1175","2009-03-20",18,7,11,3,4,4,7
"1176","2009-03-21",15,11,4,4,7,1,3
"1177","2009-03-22",20,14,6,8,6,2,4
"1178","2009-03-23",27,13,14,8,5,6,8
"1179","2009-03-24",20,8,12,2,6,3,9
"1180","2009-03-25",17,8,9,3,5,4,5
"1181","2009-03-26",23,13,10,8,5,5,5
"1182","2009-03-27",14,6,8,3,3,6,2
"1183","2009-03-28",20,9,11,6,3,4,7
"1184","2009-03-29",18,8,10,5,3,3,7
"1185","2009-03-30",22,9,13,6,3,10,3
"1186","2009-03-31",19,15,4,6,9,2,2
"1187","2009-04-01",22,12,10,6,6,3,7
"1188","2009-04-02",26,15,11,9,6,7,4
"1189","2009-04-03",26,10,16,6,4,12,4
"1190","2009-04-04",13,4,9,1,3,6,3
"1191","2009-04-05",27,15,12,8,7,5,7
"1192","2009-04-06",17,8,9,3,5,5,4
"1193","2009-04-07",19,11,8,6,5,5,3
"1194","2009-04-08",23,11,12,6,5,6,6
"1195","2009-04-09",20,9,11,6,3,5,6
"1196","2009-04-10",17,9,8,2,7,5,3
"1197","2009-04-11",19,12,7,3,9,6,1
"1198","2009-04-12",20,10,10,8,2,3,7
"1199","2009-04-13",11,8,3,2,6,2,1
"1200","2009-04-14",27,12,15,5,7,9,6
"1201","2009-04-15",26,13,13,7,6,7,6
"1202","2009-04-16",20,9,11,5,4,6,5
"1203","2009-04-17",26,12,14,6,6,7,7
"1204","2009-04-18",20,9,11,7,2,6,5
"1205","2009-04-19",17,10,7,6,4,2,5
"1206","2009-04-20",21,12,9,5,7,2,7
"1207","2009-04-21",24,16,8,9,7,6,2
"1208","2009-04-22",27,18,9,6,12,5,4
"1209","2009-04-23",19,13,6,8,5,4,2
"1210","2009-04-24",21,12,9,7,5,5,4
"1211","2009-04-25",22,9,13,2,7,5,8
"1212","2009-04-26",18,9,9,5,4,6,3
"1213","2009-04-27",16,13,3,5,8,3,0
"1214","2009-04-28",19,10,9,4,6,6,3
"1215","2009-04-29",23,15,8,8,7,4,4
"1216","2009-04-30",31,20,11,3,17,4,7
"1217","2009-05-01",27,13,14,4,9,10,4
"1218","2009-05-02",21,9,12,6,3,8,4
"1219","2009-05-03",14,7,7,3,4,5,2
"1220","2009-05-04",19,7,12,3,4,8,4
"1221","2009-05-05",14,6,8,4,2,4,4
"1222","2009-05-06",21,9,12,3,6,9,3
"1223","2009-05-07",25,12,13,6,6,7,6
"1224","2009-05-08",23,7,16,5,2,3,13
"1225","2009-05-09",14,10,4,5,5,3,1
"1226","2009-05-10",21,9,12,5,4,3,9
"1227","2009-05-11",22,10,12,5,5,6,6
"1228","2009-05-12",17,11,6,7,4,4,2
"1229","2009-05-13",24,15,9,7,8,3,6
"1230","2009-05-14",15,10,5,5,5,2,3
"1231","2009-05-15",22,11,11,6,5,4,7
"1232","2009-05-16",10,6,4,4,2,1,3
"1233","2009-05-17",20,10,10,7,3,5,5
"1234","2009-05-18",16,9,7,2,7,3,4
"1235","2009-05-19",27,10,17,4,6,7,10
"1236","2009-05-20",16,7,9,4,3,3,6
"1237","2009-05-21",19,15,4,12,3,0,4
"1238","2009-05-22",22,14,8,6,8,6,2
"1239","2009-05-23",23,12,11,8,4,3,8
"1240","2009-05-24",24,12,12,4,8,7,5
"1241","2009-05-25",25,13,12,7,6,5,7
"1242","2009-05-26",23,14,9,9,5,5,4
"1243","2009-05-27",19,12,7,7,5,3,4
"1244","2009-05-28",17,9,8,3,6,4,4
"1245","2009-05-29",23,13,10,7,6,1,9
"1246","2009-05-30",23,13,10,6,7,8,2
"1247","2009-05-31",27,11,16,7,4,11,5
"1248","2009-06-01",7,3,4,1,2,3,1
"1249","2009-06-02",20,13,7,9,4,4,3
"1250","2009-06-03",14,5,9,4,1,3,6
"1251","2009-06-04",26,12,14,9,3,10,4
"1252","2009-06-05",28,14,14,11,3,2,12
"1253","2009-06-06",24,14,10,7,7,6,4
"1254","2009-06-07",15,6,9,4,2,4,5
"1255","2009-06-08",14,6,8,4,2,2,6
"1256","2009-06-09",20,13,7,8,5,1,6
"1257","2009-06-10",25,11,14,5,6,6,8
"1258","2009-06-11",21,9,12,6,3,6,6
"1259","2009-06-12",29,13,16,4,9,7,9
"1260","2009-06-13",22,11,11,3,8,5,6
"1261","2009-06-14",16,7,9,5,2,7,2
"1262","2009-06-15",15,6,9,2,4,5,4
"1263","2009-06-16",26,9,17,4,5,7,10
"1264","2009-06-17",24,12,12,6,6,7,5
"1265","2009-06-18",21,9,12,4,5,6,6
"1266","2009-06-19",22,16,6,8,8,3,3
"1267","2009-06-20",17,8,9,6,2,6,3
"1268","2009-06-21",20,10,10,8,2,3,7
"1269","2009-06-22",16,10,6,5,5,3,3
"1270","2009-06-23",19,13,6,6,7,4,2
"1271","2009-06-24",17,7,10,2,5,6,4
"1272","2009-06-25",17,12,5,5,7,2,3
"1273","2009-06-26",22,7,15,3,4,7,8
"1274","2009-06-27",22,12,10,9,3,5,5
"1275","2009-06-28",19,10,9,7,3,5,4
"1276","2009-06-29",22,10,12,6,4,9,3
"1277","2009-06-30",17,8,9,3,5,5,4
"1278","2009-07-01",21,11,10,6,5,6,4
"1279","2009-07-02",23,15,8,10,5,6,2
"1280","2009-07-03",17,8,9,3,5,6,3
"1281","2009-07-04",17,8,9,6,2,6,3
"1282","2009-07-05",21,8,13,3,5,6,7
"1283","2009-07-06",26,15,11,7,8,7,4
"1284","2009-07-07",23,13,10,9,4,6,4
"1285","2009-07-08",17,8,9,1,7,8,1
"1286","2009-07-09",22,10,12,6,4,7,5
"1287","2009-07-10",20,12,8,7,5,6,2
"1288","2009-07-11",21,13,8,6,7,4,4
"1289","2009-07-12",26,13,13,7,6,8,5
"1290","2009-07-13",18,8,10,1,7,5,5
"1291","2009-07-14",31,15,16,9,6,7,9
"1292","2009-07-15",16,10,6,6,4,3,3
"1293","2009-07-16",24,11,13,7,4,5,8
"1294","2009-07-17",18,15,3,6,9,3,0
"1295","2009-07-18",26,14,12,7,7,6,6
"1296","2009-07-19",15,5,10,4,1,6,4
"1297","2009-07-20",25,10,15,4,6,8,7
"1298","2009-07-21",33,17,16,7,10,8,8
"1299","2009-07-22",18,12,6,4,8,3,3
"1300","2009-07-23",20,12,8,6,6,4,4
"1301","2009-07-24",25,15,10,7,8,2,8
"1302","2009-07-25",21,8,13,6,2,7,6
"1303","2009-07-26",12,5,7,1,4,3,4
"1304","2009-07-27",18,11,7,7,4,5,2
"1305","2009-07-28",19,11,8,6,5,3,5
"1306","2009-07-29",21,10,11,4,6,3,8
"1307","2009-07-30",22,14,8,5,9,4,4
"1308","2009-07-31",23,7,16,3,4,9,7
"1309","2009-08-01",24,12,12,5,7,6,6
"1310","2009-08-02",16,8,8,4,4,5,3
"1311","2009-08-03",26,14,12,3,11,5,7
"1312","2009-08-04",25,9,16,4,5,10,6
"1313","2009-08-05",17,7,10,6,1,4,6
"1314","2009-08-06",27,9,18,4,5,11,7
"1315","2009-08-07",13,5,8,1,4,5,3
"1316","2009-08-08",25,13,12,4,9,6,6
"1317","2009-08-09",17,9,8,5,4,5,3
"1318","2009-08-10",26,12,14,5,7,9,5
"1319","2009-08-11",28,9,19,5,4,11,8
"1320","2009-08-12",17,5,12,1,4,8,4
"1321","2009-08-13",23,10,13,7,3,6,7
"1322","2009-08-14",16,9,7,9,0,3,4
"1323","2009-08-15",16,10,6,4,6,3,3
"1324","2009-08-16",29,17,12,7,10,5,7
"1325","2009-08-17",23,9,14,3,6,8,6
"1326","2009-08-18",22,11,11,4,7,4,7
"1327","2009-08-19",17,5,12,2,3,6,6
"1328","2009-08-20",27,16,11,6,10,3,8
"1329","2009-08-21",19,9,10,4,5,7,3
"1330","2009-08-22",13,9,4,5,4,3,1
"1331","2009-08-23",28,18,10,11,7,2,8
"1332","2009-08-24",23,10,13,6,4,8,5
"1333","2009-08-25",18,11,7,5,6,3,4
"1334","2009-08-26",20,8,12,2,6,7,5
"1335","2009-08-27",18,11,7,9,2,2,5
"1336","2009-08-28",19,12,7,4,8,3,4
"1337","2009-08-29",24,8,16,5,3,11,5
"1338","2009-08-30",18,8,10,5,3,5,5
"1339","2009-08-31",19,7,12,2,5,8,4
"1340","2009-09-01",25,13,12,3,10,7,5
"1341","2009-09-02",31,13,18,8,5,12,6
"1342","2009-09-03",17,9,8,6,3,4,4
"1343","2009-09-04",30,13,17,8,5,6,11
"1344","2009-09-05",13,7,6,2,5,4,2
"1345","2009-09-06",21,12,9,6,6,4,5
"1346","2009-09-07",22,10,12,8,2,5,7
"1347","2009-09-08",20,10,10,6,4,6,4
"1348","2009-09-09",22,11,11,7,4,7,4
"1349","2009-09-10",24,11,13,2,9,8,5
"1350","2009-09-11",19,10,9,7,3,5,4
"1351","2009-09-12",16,6,10,2,4,6,4
"1352","2009-09-13",23,11,12,6,5,6,6
"1353","2009-09-14",23,10,13,3,7,5,8
"1354","2009-09-15",14,6,8,1,5,6,2
"1355","2009-09-16",21,11,10,5,6,8,2
"1356","2009-09-17",15,3,12,2,1,5,7
"1357","2009-09-18",21,11,10,4,7,6,4
"1358","2009-09-19",20,13,7,9,4,3,4
"1359","2009-09-20",11,5,6,2,3,1,5
"1360","2009-09-21",16,5,11,3,2,6,5
"1361","2009-09-22",17,12,5,4,8,1,4
"1362","2009-09-23",22,11,11,8,3,4,7
"1363","2009-09-24",22,11,11,2,9,3,8
"1364","2009-09-25",22,13,9,6,7,5,4
"1365","2009-09-26",21,12,9,4,8,6,3
"1366","2009-09-27",24,9,15,3,6,7,8
"1367","2009-09-28",20,9,11,6,3,6,5
"1368","2009-09-29",19,8,11,3,5,8,3
"1369","2009-09-30",22,11,11,4,7,7,4
"1370","2009-10-01",18,8,10,1,7,3,7
"1371","2009-10-02",17,7,10,1,6,4,6
"1372","2009-10-03",20,11,9,9,2,8,1
"1373","2009-10-04",17,7,10,3,4,2,8
"1374","2009-10-05",22,11,11,6,5,5,6
"1375","2009-10-06",16,6,10,2,4,4,6
"1376","2009-10-07",15,8,7,4,4,3,4
"1377","2009-10-08",24,15,9,8,7,4,5
"1378","2009-10-09",27,18,9,11,7,5,4
"1379","2009-10-10",20,11,9,4,7,4,5
"1380","2009-10-11",24,14,10,8,6,5,5
"1381","2009-10-12",28,7,21,2,5,13,8
"1382","2009-10-13",16,11,5,5,6,4,1
"1383","2009-10-14",13,7,6,3,4,3,3
"1384","2009-10-15",14,6,8,2,4,5,3
"1385","2009-10-16",20,9,11,4,5,5,6
"1386","2009-10-17",17,8,9,3,5,6,3
"1387","2009-10-18",27,11,16,8,3,4,12
"1388","2009-10-19",16,7,9,5,2,5,4
"1389","2009-10-20",18,7,11,3,4,7,4
"1390","2009-10-21",22,10,12,6,4,5,7
"1391","2009-10-22",20,11,9,3,8,4,5
"1392","2009-10-23",22,12,10,5,7,5,5
"1393","2009-10-24",25,8,17,2,6,11,6
"1394","2009-10-25",24,9,15,5,4,6,9
"1395","2009-10-26",22,14,8,5,9,6,2
"1396","2009-10-27",15,8,7,2,6,5,2
"1397","2009-10-28",25,14,11,10,4,3,8
"1398","2009-10-29",25,13,12,12,1,9,3
"1399","2009-10-30",18,10,8,5,5,4,4
"1400","2009-10-31",18,8,10,3,5,7,3
"1401","2009-11-01",29,15,14,6,9,4,10
"1402","2009-11-02",22,10,12,4,6,7,5
"1403","2009-11-03",15,8,7,3,5,4,3
"1404","2009-11-04",18,6,12,3,3,6,6
"1405","2009-11-05",24,13,11,6,7,7,4
"1406","2009-11-06",22,13,9,10,3,7,2
"1407","2009-11-07",17,11,6,6,5,5,1
"1408","2009-11-08",22,13,9,4,9,5,4
"1409","2009-11-09",23,11,12,2,9,7,5
"1410","2009-11-10",24,10,14,3,7,10,4
"1411","2009-11-11",22,11,11,4,7,6,5
"1412","2009-11-12",22,11,11,3,8,5,6
"1413","2009-11-13",18,9,9,5,4,3,6
"1414","2009-11-14",15,7,8,2,5,5,3
"1415","2009-11-15",18,12,6,6,6,4,2
"1416","2009-11-16",19,12,7,6,6,3,4
"1417","2009-11-17",19,4,15,2,2,7,8
"1418","2009-11-18",21,8,13,5,3,9,4
"1419","2009-11-19",17,7,10,2,5,8,2
"1420","2009-11-20",21,10,11,8,2,3,8
"1421","2009-11-21",19,12,7,7,5,4,3
"1422","2009-11-22",17,6,11,1,5,5,6
"1423","2009-11-23",27,11,16,6,5,4,12
"1424","2009-11-24",25,17,8,9,8,4,4
"1425","2009-11-25",18,7,11,3,4,2,9
"1426","2009-11-26",22,9,13,5,4,8,5
"1427","2009-11-27",21,12,9,6,6,2,7
"1428","2009-11-28",21,10,11,7,3,9,2
"1429","2009-11-29",16,7,9,6,1,4,5
"1430","2009-11-30",15,11,4,3,8,3,1
"1431","2009-12-01",14,7,7,0,7,6,1
"1432","2009-12-02",26,10,16,4,6,8,8
"1433","2009-12-03",19,11,8,3,8,7,1
"1434","2009-12-04",24,13,11,6,7,4,7
"1435","2009-12-05",25,15,10,8,7,4,6
"1436","2009-12-06",27,11,16,6,5,11,5
"1437","2009-12-07",8,3,5,0,3,4,1
"1438","2009-12-08",13,8,5,2,6,2,3
"1439","2009-12-09",21,14,7,9,5,5,2
"1440","2009-12-10",30,11,19,2,9,9,10
"1441","2009-12-11",21,13,8,4,9,3,5
"1442","2009-12-12",23,11,12,5,6,10,2
"1443","2009-12-13",19,9,10,4,5,5,5
"1444","2009-12-14",19,11,8,8,3,6,2
"1445","2009-12-15",20,7,13,3,4,6,7
"1446","2009-12-16",11,5,6,1,4,3,3
"1447","2009-12-17",18,12,6,5,7,2,4
"1448","2009-12-18",21,11,10,6,5,4,6
"1449","2009-12-19",28,10,18,3,7,7,11
"1450","2009-12-20",23,12,11,3,9,4,7
"1451","2009-12-21",25,12,13,5,7,6,7
"1452","2009-12-22",18,8,10,4,4,6,4
"1453","2009-12-23",27,12,15,7,5,11,4
"1454","2009-12-24",27,15,12,8,7,1,11
"1455","2009-12-25",22,8,14,2,6,8,6
"1456","2009-12-26",30,15,15,10,5,6,9
"1457","2009-12-27",12,7,5,4,3,2,3
"1458","2009-12-28",12,5,7,2,3,5,2
"1459","2009-12-29",31,16,15,9,7,10,5
"1460","2009-12-30",25,11,14,5,6,8,6
"1461","2009-12-31",20,14,6,7,7,3,3
"1462","2010-01-01",21,15,6,5,10,3,3
"1463","2010-01-02",24,10,14,4,6,10,4
"1464","2010-01-03",19,15,4,11,4,1,3
"1465","2010-01-04",26,13,13,6,7,8,5
"1466","2010-01-05",19,10,9,5,5,3,6
"1467","2010-01-06",25,14,11,6,8,6,5
"1468","2010-01-07",18,7,11,5,2,8,3
"1469","2010-01-08",22,9,13,4,5,7,6
"1470","2010-01-09",22,15,7,8,7,5,2
"1471","2010-01-10",25,10,15,1,9,7,8
"1472","2010-01-11",16,8,8,1,7,6,2
"1473","2010-01-12",10,5,5,2,3,3,2
"1474","2010-01-13",17,10,7,4,6,3,4
"1475","2010-01-14",20,14,6,7,7,2,4
"1476","2010-01-15",19,11,8,3,8,5,3
"1477","2010-01-16",29,14,15,8,6,8,7
"1478","2010-01-17",21,12,9,3,9,4,5
"1479","2010-01-18",25,16,9,10,6,4,5
"1480","2010-01-19",28,14,14,4,10,5,9
"1481","2010-01-20",16,11,5,9,2,1,4
"1482","2010-01-21",25,13,12,4,9,6,6
"1483","2010-01-22",16,7,9,3,4,4,5
"1484","2010-01-23",23,10,13,6,4,6,7
"1485","2010-01-24",27,20,7,9,11,3,4
"1486","2010-01-25",23,12,11,7,5,6,5
"1487","2010-01-26",13,5,8,4,1,3,5
"1488","2010-01-27",20,11,9,5,6,4,5
"1489","2010-01-28",18,8,10,3,5,4,6
"1490","2010-01-29",25,16,9,5,11,6,3
"1491","2010-01-30",17,11,6,7,4,2,4
"1492","2010-01-31",19,9,10,5,4,4,6
"1493","2010-02-01",22,7,15,3,4,6,9
"1494","2010-02-02",22,9,13,2,7,6,7
"1495","2010-02-03",24,14,10,4,10,7,3
"1496","2010-02-04",20,10,10,4,6,2,8
"1497","2010-02-05",16,10,6,7,3,2,4
"1498","2010-02-06",18,11,7,5,6,5,2
"1499","2010-02-07",21,5,16,4,1,9,7
"1500","2010-02-08",12,6,6,4,2,3,3
"1501","2010-02-09",20,6,14,1,5,9,5
"1502","2010-02-10",17,11,6,4,7,2,4
"1503","2010-02-11",22,9,13,6,3,8,5
"1504","2010-02-12",20,12,8,4,8,4,4
"1505","2010-02-13",33,18,15,8,10,11,4
"1506","2010-02-14",17,8,9,6,2,4,5
"1507","2010-02-15",19,9,10,5,4,6,4
"1508","2010-02-16",15,12,3,6,6,2,1
"1509","2010-02-17",16,7,9,2,5,4,5
"1510","2010-02-18",27,13,14,7,6,6,8
"1511","2010-02-19",22,12,10,8,4,4,6
"1512","2010-02-20",16,5,11,3,2,7,4
"1513","2010-02-21",19,12,7,10,2,3,4
"1514","2010-02-22",22,9,13,4,5,8,5
"1515","2010-02-23",14,6,8,3,3,4,4
"1516","2010-02-24",22,11,11,6,5,6,5
"1517","2010-02-25",14,9,5,3,6,0,5
"1518","2010-02-26",17,9,8,5,4,2,6
"1519","2010-02-27",19,6,13,2,4,7,6
"1520","2010-02-28",31,15,16,10,5,10,6
"1521","2010-03-01",15,8,7,4,4,2,5
"1522","2010-03-02",22,12,10,5,7,7,3
"1523","2010-03-03",15,9,6,3,6,4,2
"1524","2010-03-04",19,8,11,4,4,5,6
"1525","2010-03-05",26,6,20,3,3,13,7
"1526","2010-03-06",22,11,11,6,5,4,7
"1527","2010-03-07",27,10,17,5,5,9,8
"1528","2010-03-08",27,15,12,9,6,4,8
"1529","2010-03-09",19,8,11,3,5,5,6
"1530","2010-03-10",28,13,15,6,7,9,6
"1531","2010-03-11",17,9,8,5,4,4,4
"1532","2010-03-12",23,13,10,2,11,6,4
"1533","2010-03-13",25,13,12,6,7,10,2
"1534","2010-03-14",18,9,9,5,4,5,4
"1535","2010-03-15",20,11,9,4,7,5,4
"1536","2010-03-16",21,8,13,4,4,5,8
"1537","2010-03-17",25,10,15,6,4,6,9
"1538","2010-03-18",17,8,9,2,6,6,3
"1539","2010-03-19",27,15,12,6,9,6,6
"1540","2010-03-20",15,7,8,3,4,5,3
"1541","2010-03-21",23,13,10,7,6,7,3
"1542","2010-03-22",25,12,13,7,5,4,9
"1543","2010-03-23",19,11,8,2,9,6,2
"1544","2010-03-24",18,5,13,2,3,3,10
"1545","2010-03-25",28,17,11,11,6,6,5
"1546","2010-03-26",25,10,15,9,1,7,8
"1547","2010-03-27",16,8,8,6,2,4,4
"1548","2010-03-28",37,12,25,3,9,15,10
"1549","2010-03-29",18,8,10,4,4,3,7
"1550","2010-03-30",20,9,11,3,6,4,7
"1551","2010-03-31",31,14,17,9,5,6,11
"1552","2010-04-01",21,8,13,5,3,6,7
"1553","2010-04-02",24,17,7,8,9,4,3
"1554","2010-04-03",21,14,7,5,9,4,3
"1555","2010-04-04",19,9,10,3,6,5,5
"1556","2010-04-05",17,11,6,5,6,5,1
"1557","2010-04-06",24,15,9,4,11,5,4
"1558","2010-04-07",17,9,8,4,5,4,4
"1559","2010-04-08",21,11,10,5,6,8,2
"1560","2010-04-09",15,8,7,6,2,4,3
"1561","2010-04-10",20,12,8,9,3,5,3
"1562","2010-04-11",18,7,11,4,3,6,5
"1563","2010-04-12",22,13,9,8,5,7,2
"1564","2010-04-13",14,6,8,2,4,5,3
"1565","2010-04-14",24,11,13,5,6,7,6
"1566","2010-04-15",26,14,12,7,7,8,4
"1567","2010-04-16",30,19,11,8,11,2,9
"1568","2010-04-17",24,11,13,5,6,7,6
"1569","2010-04-18",21,11,10,5,6,4,6
"1570","2010-04-19",19,11,8,7,4,4,4
"1571","2010-04-20",21,8,13,4,4,5,8
"1572","2010-04-21",22,9,13,5,4,6,7
"1573","2010-04-22",25,16,9,9,7,3,6
"1574","2010-04-23",28,14,14,8,6,8,6
"1575","2010-04-24",18,10,8,3,7,4,4
"1576","2010-04-25",17,10,7,3,7,3,4
"1577","2010-04-26",13,8,5,3,5,4,1
"1578","2010-04-27",28,12,16,5,7,6,10
"1579","2010-04-28",15,8,7,4,4,2,5
"1580","2010-04-29",21,8,13,3,5,5,8
"1581","2010-04-30",23,12,11,7,5,6,5
"1582","2010-05-01",22,9,13,4,5,7,6
"1583","2010-05-02",25,13,12,7,6,6,6
"1584","2010-05-03",20,13,7,6,7,4,3
"1585","2010-05-04",21,13,8,9,4,6,2
"1586","2010-05-05",21,12,9,4,8,5,4
"1587","2010-05-06",29,15,14,4,11,10,4
"1588","2010-05-07",31,22,9,11,11,3,6
"1589","2010-05-08",23,11,12,7,4,7,5
"1590","2010-05-09",25,15,10,9,6,4,6
"1591","2010-05-10",23,14,9,7,7,3,6
"1592","2010-05-11",25,10,15,8,2,6,9
"1593","2010-05-12",15,3,12,1,2,6,6
"1594","2010-05-13",26,14,12,7,7,7,5
"1595","2010-05-14",13,8,5,4,4,3,2
"1596","2010-05-15",24,11,13,5,6,3,10
"1597","2010-05-16",32,12,20,7,5,8,12
"1598","2010-05-17",19,9,10,5,4,3,7
"1599","2010-05-18",25,14,11,4,10,3,8
"1600","2010-05-19",25,12,13,6,6,7,6
"1601","2010-05-20",15,9,6,5,4,1,5
"1602","2010-05-21",20,13,7,6,7,3,4
"1603","2010-05-22",14,5,9,0,5,2,7
"1604","2010-05-23",22,11,11,5,6,6,5
"1605","2010-05-24",17,11,6,4,7,0,6
"1606","2010-05-25",23,9,14,5,4,8,6
"1607","2010-05-26",25,13,12,4,9,10,2
"1608","2010-05-27",20,10,10,7,3,8,2
"1609","2010-05-28",22,10,12,6,4,8,4
"1610","2010-05-29",30,17,13,8,9,8,5
"1611","2010-05-30",20,10,10,4,6,7,3
"1612","2010-05-31",21,8,13,2,6,7,6
"1613","2010-06-01",23,10,13,4,6,5,8
"1614","2010-06-02",19,7,12,2,5,7,5
"1615","2010-06-03",20,10,10,5,5,8,2
"1616","2010-06-04",20,9,11,5,4,4,7
"1617","2010-06-05",15,5,10,2,3,5,5
"1618","2010-06-06",21,10,11,4,6,4,7
"1619","2010-06-07",23,10,13,7,3,6,7
"1620","2010-06-08",18,11,7,6,5,3,4
"1621","2010-06-09",15,8,7,5,3,3,4
"1622","2010-06-10",20,11,9,4,7,2,7
"1623","2010-06-11",14,9,5,5,4,5,0
"1624","2010-06-12",23,5,18,2,3,10,8
"1625","2010-06-13",12,7,5,4,3,3,2
"1626","2010-06-14",17,4,13,2,2,6,7
"1627","2010-06-15",17,11,6,7,4,4,2
"1628","2010-06-16",20,9,11,6,3,7,4
"1629","2010-06-17",29,16,13,9,7,6,7
"1630","2010-06-18",22,12,10,3,9,4,6
"1631","2010-06-19",24,10,14,8,2,9,5
"1632","2010-06-20",16,6,10,3,3,8,2
"1633","2010-06-21",21,12,9,5,7,5,4
"1634","2010-06-22",22,14,8,6,8,3,5
"1635","2010-06-23",23,11,12,8,3,4,8
"1636","2010-06-24",23,10,13,5,5,8,5
"1637","2010-06-25",21,10,11,5,5,4,7
"1638","2010-06-26",20,12,8,4,8,4,4
"1639","2010-06-27",19,6,13,3,3,10,3
"1640","2010-06-28",21,17,4,8,9,2,2
"1641","2010-06-29",27,12,15,5,7,8,7
"1642","2010-06-30",31,15,16,7,8,7,9
"1643","2010-07-01",20,12,8,5,7,6,2
"1644","2010-07-02",21,12,9,8,4,4,5
"1645","2010-07-03",25,13,12,5,8,5,7
"1646","2010-07-04",28,18,10,9,9,6,4
"1647","2010-07-05",15,8,7,5,3,5,2
"1648","2010-07-06",24,14,10,7,7,2,8
"1649","2010-07-07",27,10,17,9,1,6,11
"1650","2010-07-08",29,17,12,9,8,5,7
"1651","2010-07-09",26,10,16,5,5,7,9
"1652","2010-07-10",25,12,13,8,4,4,9
"1653","2010-07-11",18,10,8,6,4,6,2
"1654","2010-07-12",21,12,9,6,6,4,5
"1655","2010-07-13",20,11,9,3,8,6,3
"1656","2010-07-14",21,9,12,2,7,9,3
"1657","2010-07-15",18,11,7,7,4,3,4
"1658","2010-07-16",22,8,14,4,4,6,8
"1659","2010-07-17",22,13,9,8,5,6,3
"1660","2010-07-18",20,9,11,7,2,5,6
"1661","2010-07-19",21,11,10,7,4,8,2
"1662","2010-07-20",20,14,6,8,6,4,2
"1663","2010-07-21",23,8,15,4,4,10,5
"1664","2010-07-22",23,9,14,4,5,9,5
"1665","2010-07-23",29,12,17,5,7,10,7
"1666","2010-07-24",25,16,9,5,11,6,3
"1667","2010-07-25",18,8,10,2,6,7,3
"1668","2010-07-26",19,7,12,2,5,5,7
"1669","2010-07-27",21,9,12,5,4,10,2
"1670","2010-07-28",17,11,6,7,4,4,2
"1671","2010-07-29",30,12,18,6,6,7,11
"1672","2010-07-30",23,14,9,6,8,5,4
"1673","2010-07-31",11,3,8,1,2,5,3
"1674","2010-08-01",21,9,12,5,4,7,5
"1675","2010-08-02",21,6,15,4,2,9,6
"1676","2010-08-03",21,9,12,5,4,5,7
"1677","2010-08-04",26,16,10,10,6,4,6
"1678","2010-08-05",23,10,13,5,5,5,8
"1679","2010-08-06",17,8,9,4,4,2,7
"1680","2010-08-07",27,15,12,11,4,5,7
"1681","2010-08-08",22,11,11,6,5,6,5
"1682","2010-08-09",19,13,6,5,8,4,2
"1683","2010-08-10",14,9,5,4,5,5,0
"1684","2010-08-11",26,14,12,12,2,5,7
"1685","2010-08-12",12,5,7,4,1,5,2
"1686","2010-08-13",19,8,11,2,6,7,4
"1687","2010-08-14",25,14,11,4,10,5,6
"1688","2010-08-15",20,7,13,3,4,5,8
"1689","2010-08-16",35,16,19,5,11,9,10
"1690","2010-08-17",18,9,9,5,4,4,5
"1691","2010-08-18",16,8,8,3,5,6,2
"1692","2010-08-19",23,13,10,8,5,5,5
"1693","2010-08-20",27,17,10,8,9,5,5
"1694","2010-08-21",15,10,5,4,6,3,2
"1695","2010-08-22",29,15,14,9,6,6,8
"1696","2010-08-23",29,15,14,13,2,6,8
"1697","2010-08-24",25,11,14,7,4,6,8
"1698","2010-08-25",22,11,11,5,6,5,6
"1699","2010-08-26",29,13,16,4,9,12,4
"1700","2010-08-27",19,10,9,4,6,3,6
"1701","2010-08-28",24,13,11,6,7,5,6
"1702","2010-08-29",19,9,10,4,5,7,3
"1703","2010-08-30",34,15,19,9,6,9,10
"1704","2010-08-31",13,5,8,3,2,0,8
"1705","2010-09-01",24,10,14,6,4,6,8
"1706","2010-09-02",31,15,16,4,11,8,8
"1707","2010-09-03",21,10,11,6,4,9,2
"1708","2010-09-04",18,7,11,3,4,2,9
"1709","2010-09-05",18,9,9,5,4,4,5
"1710","2010-09-06",18,9,9,3,6,4,5
"1711","2010-09-07",22,12,10,4,8,4,6
"1712","2010-09-08",15,3,12,2,1,6,6
"1713","2010-09-09",26,15,11,7,8,4,7
"1714","2010-09-10",22,10,12,7,3,6,6
"1715","2010-09-11",23,8,15,4,4,9,6
"1716","2010-09-12",9,4,5,2,2,3,2
"1717","2010-09-13",21,10,11,6,4,6,5
"1718","2010-09-14",19,6,13,2,4,4,9
"1719","2010-09-15",19,9,10,6,3,2,8
"1720","2010-09-16",18,11,7,5,6,3,4
"1721","2010-09-17",21,13,8,9,4,5,3
"1722","2010-09-18",16,9,7,5,4,3,4
"1723","2010-09-19",16,9,7,3,6,4,3
"1724","2010-09-20",23,10,13,6,4,10,3
"1725","2010-09-21",15,9,6,5,4,2,4
"1726","2010-09-22",27,17,10,6,11,7,3
"1727","2010-09-23",20,8,12,5,3,9,3
"1728","2010-09-24",21,10,11,8,2,4,7
"1729","2010-09-25",26,10,16,6,4,9,7
"1730","2010-09-26",26,12,14,5,7,6,8
"1731","2010-09-27",29,18,11,12,6,6,5
"1732","2010-09-28",20,11,9,5,6,6,3
"1733","2010-09-29",18,5,13,2,3,4,9
"1734","2010-09-30",24,13,11,6,7,3,8
"1735","2010-10-01",19,11,8,8,3,2,6
"1736","2010-10-02",19,8,11,5,3,2,9
"1737","2010-10-03",15,9,6,4,5,4,2
"1738","2010-10-04",14,7,7,3,4,4,3
"1739","2010-10-05",16,4,12,1,3,4,8
"1740","2010-10-06",15,7,8,4,3,4,4
"1741","2010-10-07",25,11,14,8,3,8,6
"1742","2010-10-08",20,15,5,6,9,1,4
"1743","2010-10-09",19,12,7,6,6,5,2
"1744","2010-10-10",15,7,8,4,3,4,4
"1745","2010-10-11",23,14,9,3,11,5,4
"1746","2010-10-12",21,12,9,4,8,6,3
"1747","2010-10-13",26,11,15,5,6,6,9
"1748","2010-10-14",21,10,11,5,5,4,7
"1749","2010-10-15",35,18,17,5,13,8,9
"1750","2010-10-16",20,12,8,7,5,2,6
"1751","2010-10-17",16,9,7,4,5,2,5
"1752","2010-10-18",23,13,10,7,6,5,5
"1753","2010-10-19",19,9,10,2,7,4,6
"1754","2010-10-20",23,13,10,10,3,3,7
"1755","2010-10-21",20,7,13,4,3,10,3
"1756","2010-10-22",14,7,7,3,4,1,6
"1757","2010-10-23",16,8,8,1,7,5,3
"1758","2010-10-24",17,9,8,7,2,6,2
"1759","2010-10-25",23,10,13,9,1,4,9
"1760","2010-10-26",18,8,10,5,3,5,5
"1761","2010-10-27",14,5,9,3,2,5,4
"1762","2010-10-28",14,7,7,5,2,3,4
"1763","2010-10-29",22,14,8,3,11,3,5
"1764","2010-10-30",17,9,8,2,7,4,4
"1765","2010-10-31",22,10,12,6,4,8,4
"1766","2010-11-01",15,9,6,5,4,3,3
"1767","2010-11-02",21,10,11,4,6,5,6
"1768","2010-11-03",17,7,10,6,1,4,6
"1769","2010-11-04",15,6,9,2,4,6,3
"1770","2010-11-05",20,6,14,3,3,7,7
"1771","2010-11-06",24,9,15,3,6,10,5
"1772","2010-11-07",23,10,13,8,2,4,9
"1773","2010-11-08",21,12,9,9,3,5,4
"1774","2010-11-09",26,17,9,7,10,5,4
"1775","2010-11-10",20,11,9,4,7,1,8
"1776","2010-11-11",24,13,11,6,7,6,5
"1777","2010-11-12",22,14,8,9,5,5,3
"1778","2010-11-13",28,17,11,5,12,5,6
"1779","2010-11-14",15,8,7,3,5,1,6
"1780","2010-11-15",21,10,11,6,4,4,7
"1781","2010-11-16",24,13,11,8,5,8,3
"1782","2010-11-17",19,8,11,4,4,3,8
"1783","2010-11-18",16,10,6,3,7,2,4
"1784","2010-11-19",22,13,9,3,10,4,5
"1785","2010-11-20",17,10,7,3,7,4,3
"1786","2010-11-21",14,6,8,3,3,3,5
"1787","2010-11-22",19,10,9,3,7,7,2
"1788","2010-11-23",22,13,9,7,6,4,5
"1789","2010-11-24",19,13,6,8,5,4,2
"1790","2010-11-25",18,7,11,3,4,7,4
"1791","2010-11-26",24,14,10,5,9,3,7
"1792","2010-11-27",16,7,9,4,3,4,5
"1793","2010-11-28",24,8,16,3,5,7,9
"1794","2010-11-29",23,13,10,6,7,3,7
"1795","2010-11-30",26,14,12,6,8,5,7
"1796","2010-12-01",24,16,8,9,7,5,3
"1797","2010-12-02",24,11,13,3,8,7,6
"1798","2010-12-03",14,10,4,8,2,1,3
"1799","2010-12-04",13,6,7,6,0,4,3
"1800","2010-12-05",23,13,10,7,6,3,7
"1801","2010-12-06",24,9,15,2,7,5,10
"1802","2010-12-07",26,14,12,7,7,6,6
"1803","2010-12-08",15,9,6,4,5,3,3
"1804","2010-12-09",20,10,10,4,6,5,5
"1805","2010-12-10",19,9,10,3,6,2,8
"1806","2010-12-11",28,16,12,10,6,5,7
"1807","2010-12-12",18,11,7,4,7,3,4
"1808","2010-12-13",22,10,12,5,5,8,4
"1809","2010-12-14",18,5,13,2,3,4,9
"1810","2010-12-15",20,7,13,2,5,5,8
"1811","2010-12-16",21,9,12,7,2,2,10
"1812","2010-12-17",16,9,7,4,5,4,3
"1813","2010-12-18",16,11,5,5,6,4,1
"1814","2010-12-19",23,11,12,7,4,7,5
"1815","2010-12-20",29,16,13,6,10,4,9
"1816","2010-12-21",17,8,9,2,6,5,4
"1817","2010-12-22",30,16,14,7,9,6,8
"1818","2010-12-23",19,10,9,6,4,5,4
"1819","2010-12-24",22,10,12,6,4,7,5
"1820","2010-12-25",14,5,9,3,2,5,4
"1821","2010-12-26",30,12,18,6,6,11,7
"1822","2010-12-27",28,11,17,5,6,5,12
"1823","2010-12-28",30,17,13,7,10,7,6
"1824","2010-12-29",24,12,12,7,5,9,3
"1825","2010-12-30",22,11,11,4,7,3,8
"1826","2010-12-31",18,12,6,5,7,3,3
"1827","2011-01-01",21,9,12,5,4,8,4
"1828","2011-01-02",16,11,5,6,5,1,4
"1829","2011-01-03",19,10,9,6,4,4,5
"1830","2011-01-04",23,10,13,5,5,5,8
"1831","2011-01-05",21,11,10,6,5,4,6
"1832","2011-01-06",16,7,9,3,4,7,2
"1833","2011-01-07",23,8,15,5,3,6,9
"1834","2011-01-08",23,10,13,6,4,6,7
"1835","2011-01-09",18,5,13,3,2,4,9
"1836","2011-01-10",28,13,15,10,3,7,8
"1837","2011-01-11",23,12,11,4,8,6,5
"1838","2011-01-12",22,14,8,7,7,5,3
"1839","2011-01-13",14,4,10,2,2,6,4
"1840","2011-01-14",21,9,12,3,6,7,5
"1841","2011-01-15",18,6,12,3,3,8,4
"1842","2011-01-16",21,8,13,5,3,6,7
"1843","2011-01-17",24,10,14,4,6,5,9
"1844","2011-01-18",25,11,14,6,5,9,5
"1845","2011-01-19",27,16,11,7,9,7,4
"1846","2011-01-20",25,11,14,5,6,7,7
"1847","2011-01-21",16,7,9,2,5,5,4
"1848","2011-01-22",17,9,8,2,7,3,5
"1849","2011-01-23",24,12,12,9,3,9,3
"1850","2011-01-24",14,11,3,6,5,2,1
"1851","2011-01-25",26,13,13,9,4,7,6
"1852","2011-01-26",20,11,9,5,6,5,4
"1853","2011-01-27",30,14,16,8,6,9,7
"1854","2011-01-28",26,10,16,3,7,6,10
"1855","2011-01-29",22,14,8,6,8,5,3
"1856","2011-01-30",24,15,9,8,7,5,4
"1857","2011-01-31",18,9,9,4,5,4,5
"1858","2011-02-01",16,6,10,2,4,3,7
"1859","2011-02-02",23,15,8,6,9,5,3
"1860","2011-02-03",20,10,10,6,4,3,7
"1861","2011-02-04",17,8,9,5,3,4,5
"1862","2011-02-05",21,14,7,9,5,0,7
"1863","2011-02-06",23,10,13,5,5,10,3
"1864","2011-02-07",22,15,7,5,10,3,4
"1865","2011-02-08",21,13,8,12,1,4,4
"1866","2011-02-09",20,14,6,7,7,2,4
"1867","2011-02-10",16,7,9,5,2,5,4
"1868","2011-02-11",26,11,15,6,5,11,4
"1869","2011-02-12",27,12,15,7,5,8,7
"1870","2011-02-13",18,8,10,4,4,6,4
"1871","2011-02-14",15,9,6,5,4,5,1
"1872","2011-02-15",19,9,10,5,4,4,6
"1873","2011-02-16",19,9,10,3,6,5,5
"1874","2011-02-17",14,7,7,4,3,4,3
"1875","2011-02-18",19,12,7,10,2,3,4
"1876","2011-02-19",27,9,18,6,3,9,9
"1877","2011-02-20",20,13,7,3,10,1,6
"1878","2011-02-21",23,10,13,6,4,5,8
"1879","2011-02-22",18,7,11,4,3,6,5
"1880","2011-02-23",22,15,7,5,10,4,3
"1881","2011-02-24",20,13,7,12,1,5,2
"1882","2011-02-25",24,14,10,8,6,4,6
"1883","2011-02-26",27,17,10,10,7,6,4
"1884","2011-02-27",20,8,12,4,4,8,4
"1885","2011-02-28",28,17,11,8,9,7,4
"1886","2011-03-01",20,7,13,3,4,11,2
"1887","2011-03-02",20,9,11,5,4,6,5
"1888","2011-03-03",17,7,10,4,3,4,6
"1889","2011-03-04",29,14,15,10,4,8,7
"1890","2011-03-05",21,10,11,7,3,4,7
"1891","2011-03-06",23,13,10,3,10,7,3
"1892","2011-03-07",20,12,8,6,6,7,1
"1893","2011-03-08",18,11,7,7,4,3,4
"1894","2011-03-09",17,11,6,6,5,5,1
"1895","2011-03-10",25,16,9,8,8,4,5
"1896","2011-03-11",23,12,11,8,4,9,2
"1897","2011-03-12",22,11,11,7,4,8,3
"1898","2011-03-13",16,11,5,6,5,5,0
"1899","2011-03-14",23,11,12,5,6,5,7
"1900","2011-03-15",28,13,15,4,9,8,7
"1901","2011-03-16",21,11,10,5,6,3,7
"1902","2011-03-17",22,11,11,6,5,4,7
"1903","2011-03-18",28,15,13,5,10,9,4
"1904","2011-03-19",14,8,6,7,1,1,5
"1905","2011-03-20",24,12,12,8,4,4,8
"1906","2011-03-21",20,11,9,4,7,3,6
"1907","2011-03-22",22,9,13,4,5,7,6
"1908","2011-03-23",9,2,7,2,0,3,4
"1909","2011-03-24",13,3,10,1,2,6,4
"1910","2011-03-25",25,12,13,6,6,5,8
"1911","2011-03-26",27,15,12,7,8,7,5
"1912","2011-03-27",24,11,13,4,7,5,8
"1913","2011-03-28",15,9,6,3,6,4,2
"1914","2011-03-29",23,8,15,5,3,9,6
"1915","2011-03-30",19,10,9,5,5,5,4
"1916","2011-03-31",29,12,17,9,3,9,8
"1917","2011-04-01",24,13,11,7,6,5,6
"1918","2011-04-02",24,12,12,3,9,4,8
"1919","2011-04-03",24,12,12,6,6,7,5
"1920","2011-04-04",28,12,16,4,8,9,7
"1921","2011-04-05",11,5,6,2,3,6,0
"1922","2011-04-06",28,19,9,4,15,3,6
"1923","2011-04-07",16,10,6,3,7,2,4
"1924","2011-04-08",22,11,11,5,6,4,7
"1925","2011-04-09",17,6,11,3,3,5,6
"1926","2011-04-10",18,8,10,5,3,5,5
"1927","2011-04-11",18,11,7,9,2,5,2
"1928","2011-04-12",28,12,16,6,6,6,10
"1929","2011-04-13",19,8,11,6,2,7,4
"1930","2011-04-14",17,8,9,4,4,7,2
"1931","2011-04-15",17,7,10,4,3,7,3
"1932","2011-04-16",23,9,14,3,6,8,6
"1933","2011-04-17",21,10,11,2,8,9,2
"1934","2011-04-18",18,8,10,4,4,5,5
"1935","2011-04-19",23,12,11,5,7,7,4
"1936","2011-04-20",19,6,13,3,3,8,5
"1937","2011-04-21",24,12,12,7,5,5,7
"1938","2011-04-22",25,12,13,6,6,6,7
"1939","2011-04-23",18,4,14,2,2,8,6
"1940","2011-04-24",17,10,7,7,3,5,2
"1941","2011-04-25",23,11,12,5,6,7,5
"1942","2011-04-26",31,12,19,4,8,11,8
"1943","2011-04-27",21,11,10,3,8,4,6
"1944","2011-04-28",26,17,9,11,6,6,3
"1945","2011-04-29",22,14,8,9,5,3,5
"1946","2011-04-30",21,11,10,7,4,7,3
"1947","2011-05-01",9,6,3,3,3,0,3
"1948","2011-05-02",26,8,18,3,5,14,4
"1949","2011-05-03",20,10,10,3,7,5,5
"1950","2011-05-04",19,11,8,5,6,3,5
"1951","2011-05-05",24,10,14,4,6,7,7
"1952","2011-05-06",23,7,16,3,4,10,6
"1953","2011-05-07",24,11,13,4,7,6,7
"1954","2011-05-08",25,9,16,5,4,7,9
"1955","2011-05-09",18,10,8,8,2,6,2
"1956","2011-05-10",19,13,6,4,9,4,2
"1957","2011-05-11",21,9,12,3,6,2,10
"1958","2011-05-12",24,9,15,5,4,9,6
"1959","2011-05-13",24,12,12,7,5,6,6
"1960","2011-05-14",17,6,11,2,4,6,5
"1961","2011-05-15",22,14,8,7,7,4,4
"1962","2011-05-16",15,7,8,2,5,3,5
"1963","2011-05-17",23,9,14,5,4,7,7
"1964","2011-05-18",19,13,6,8,5,4,2
"1965","2011-05-19",25,8,17,5,3,8,9
"1966","2011-05-20",19,10,9,6,4,4,5
"1967","2011-05-21",24,14,10,6,8,5,5
"1968","2011-05-22",19,12,7,6,6,0,7
"1969","2011-05-23",21,12,9,5,7,5,4
"1970","2011-05-24",22,13,9,10,3,3,6
"1971","2011-05-25",21,9,12,5,4,5,7
"1972","2011-05-26",24,12,12,5,7,6,6
"1973","2011-05-27",22,10,12,3,7,8,4
"1974","2011-05-28",21,10,11,3,7,5,6
"1975","2011-05-29",24,16,8,5,11,6,2
"1976","2011-05-30",27,16,11,6,10,7,4
"1977","2011-05-31",17,8,9,4,4,3,6
"1978","2011-06-01",22,12,10,7,5,5,5
"1979","2011-06-02",20,9,11,5,4,3,8
"1980","2011-06-03",23,9,14,5,4,9,5
"1981","2011-06-04",21,10,11,6,4,6,5
"1982","2011-06-05",20,9,11,4,5,9,2
"1983","2011-06-06",20,7,13,2,5,4,9
"1984","2011-06-07",17,9,8,6,3,6,2
"1985","2011-06-08",18,7,11,4,3,7,4
"1986","2011-06-09",23,13,10,9,4,4,6
"1987","2011-06-10",23,8,15,4,4,6,9
"1988","2011-06-11",23,15,8,7,8,3,5
"1989","2011-06-12",17,7,10,3,4,8,2
"1990","2011-06-13",16,7,9,2,5,4,5
"1991","2011-06-14",24,12,12,8,4,8,4
"1992","2011-06-15",19,7,12,4,3,7,5
"1993","2011-06-16",19,12,7,7,5,4,3
"1994","2011-06-17",14,7,7,2,5,4,3
"1995","2011-06-18",26,11,15,7,4,9,6
"1996","2011-06-19",23,13,10,6,7,5,5
"1997","2011-06-20",21,9,12,5,4,4,8
"1998","2011-06-21",21,8,13,5,3,7,6
"1999","2011-06-22",23,10,13,5,5,9,4
"2000","2011-06-23",21,13,8,8,5,4,4
"2001","2011-06-24",15,8,7,3,5,3,4
"2002","2011-06-25",17,11,6,9,2,3,3
"2003","2011-06-26",16,9,7,5,4,3,4
"2004","2011-06-27",11,6,5,4,2,3,2
"2005","2011-06-28",27,10,17,6,4,5,12
"2006","2011-06-29",33,17,16,8,9,8,8
"2007","2011-06-30",19,10,9,3,7,6,3
"2008","2011-07-01",17,10,7,4,6,2,5
"2009","2011-07-02",24,8,16,1,7,10,6
"2010","2011-07-03",27,16,11,6,10,6,5
"2011","2011-07-04",20,12,8,8,4,1,7
"2012","2011-07-05",26,12,14,7,5,5,9
"2013","2011-07-06",17,6,11,2,4,4,7
"2014","2011-07-07",23,11,12,5,6,9,3
"2015","2011-07-08",19,11,8,4,7,5,3
"2016","2011-07-09",16,11,5,5,6,3,2
"2017","2011-07-10",16,10,6,6,4,2,4
"2018","2011-07-11",26,10,16,8,2,7,9
"2019","2011-07-12",15,5,10,2,3,7,3
"2020","2011-07-13",13,7,6,6,1,2,4
"2021","2011-07-14",16,10,6,5,5,2,4
"2022","2011-07-15",30,18,12,9,9,5,7
"2023","2011-07-16",23,8,15,1,7,8,7
"2024","2011-07-17",20,14,6,8,6,4,2
"2025","2011-07-18",16,8,8,4,4,5,3
"2026","2011-07-19",24,8,16,2,6,8,8
"2027","2011-07-20",16,9,7,3,6,3,4
"2028","2011-07-21",28,13,15,8,5,6,9
"2029","2011-07-22",16,7,9,1,6,4,5
"2030","2011-07-23",24,11,13,5,6,5,8
"2031","2011-07-24",18,10,8,7,3,5,3
"2032","2011-07-25",23,9,14,6,3,7,7
"2033","2011-07-26",21,10,11,8,2,4,7
"2034","2011-07-27",25,13,12,8,5,4,8
"2035","2011-07-28",23,17,6,8,9,3,3
"2036","2011-07-29",24,14,10,8,6,3,7
"2037","2011-07-30",15,10,5,5,5,2,3
"2038","2011-07-31",31,15,16,5,10,9,7
"2039","2011-08-01",20,12,8,6,6,3,5
"2040","2011-08-02",17,7,10,3,4,4,6
"2041","2011-08-03",21,6,15,3,3,8,7
"2042","2011-08-04",22,12,10,6,6,4,6
"2043","2011-08-05",20,9,11,4,5,7,4
"2044","2011-08-06",28,12,16,2,10,7,9
"2045","2011-08-07",27,12,15,7,5,7,8
"2046","2011-08-08",19,7,12,3,4,4,8
"2047","2011-08-09",16,8,8,3,5,1,7
"2048","2011-08-10",15,8,7,4,4,5,2
"2049","2011-08-11",18,10,8,8,2,5,3
"2050","2011-08-12",16,6,10,4,2,7,3
"2051","2011-08-13",18,6,12,3,3,6,6
"2052","2011-08-14",27,14,13,7,7,9,4
"2053","2011-08-15",15,7,8,3,4,3,5
"2054","2011-08-16",20,8,12,5,3,6,6
"2055","2011-08-17",21,12,9,9,3,5,4
"2056","2011-08-18",18,10,8,5,5,5,3
"2057","2011-08-19",15,7,8,3,4,3,5
"2058","2011-08-20",30,18,12,7,11,5,7
"2059","2011-08-21",24,8,16,4,4,11,5
"2060","2011-08-22",24,11,13,5,6,8,5
"2061","2011-08-23",25,17,8,11,6,6,2
"2062","2011-08-24",27,12,15,7,5,8,7
"2063","2011-08-25",15,11,4,9,2,4,0
"2064","2011-08-26",24,12,12,4,8,8,4
"2065","2011-08-27",21,12,9,5,7,4,5
"2066","2011-08-28",25,17,8,6,11,3,5
"2067","2011-08-29",19,7,12,4,3,7,5
"2068","2011-08-30",15,5,10,3,2,7,3
"2069","2011-08-31",17,6,11,6,0,7,4
"2070","2011-09-01",24,13,11,5,8,9,2
"2071","2011-09-02",19,9,10,6,3,6,4
"2072","2011-09-03",26,15,11,6,9,3,8
"2073","2011-09-04",26,13,13,6,7,2,11
"2074","2011-09-05",17,12,5,5,7,4,1
"2075","2011-09-06",16,11,5,5,6,5,0
"2076","2011-09-07",22,8,14,4,4,9,5
"2077","2011-09-08",24,12,12,4,8,5,7
"2078","2011-09-09",26,14,12,8,6,6,6
"2079","2011-09-10",23,14,9,7,7,5,4
"2080","2011-09-11",18,14,4,5,9,1,3
"2081","2011-09-12",25,8,17,5,3,9,8
"2082","2011-09-13",13,8,5,4,4,4,1
"2083","2011-09-14",22,11,11,4,7,5,6
"2084","2011-09-15",22,9,13,5,4,6,7
"2085","2011-09-16",18,5,13,3,2,10,3
"2086","2011-09-17",16,8,8,3,5,1,7
"2087","2011-09-18",12,7,5,4,3,2,3
"2088","2011-09-19",21,12,9,8,4,4,5
"2089","2011-09-20",18,8,10,5,3,4,6
"2090","2011-09-21",21,8,13,4,4,5,8
"2091","2011-09-22",14,5,9,3,2,2,7
"2092","2011-09-23",23,13,10,12,1,4,6
"2093","2011-09-24",18,8,10,5,3,7,3
"2094","2011-09-25",22,10,12,3,7,5,7
"2095","2011-09-26",21,13,8,8,5,3,5
"2096","2011-09-27",23,11,12,3,8,5,7
"2097","2011-09-28",26,13,13,6,7,7,6
"2098","2011-09-29",29,17,12,9,8,8,4
"2099","2011-09-30",18,10,8,6,4,5,3
"2100","2011-10-01",30,14,16,8,6,9,7
"2101","2011-10-02",24,11,13,4,7,8,5
"2102","2011-10-03",23,11,12,4,7,1,11
"2103","2011-10-04",16,8,8,5,3,5,3
"2104","2011-10-05",20,6,14,1,5,9,5
"2105","2011-10-06",27,10,17,6,4,11,6
"2106","2011-10-07",23,15,8,5,10,6,2
"2107","2011-10-08",21,12,9,5,7,4,5
"2108","2011-10-09",22,8,14,4,4,6,8
"2109","2011-10-10",21,11,10,7,4,6,4
"2110","2011-10-11",20,6,14,4,2,7,7
"2111","2011-10-12",16,6,10,5,1,7,3
"2112","2011-10-13",20,12,8,8,4,6,2
"2113","2011-10-14",18,9,9,4,5,8,1
"2114","2011-10-15",31,15,16,10,5,9,7
"2115","2011-10-16",23,14,9,4,10,6,3
"2116","2011-10-17",28,11,17,10,1,8,9
"2117","2011-10-18",25,11,14,6,5,5,9
"2118","2011-10-19",23,13,10,5,8,3,7
"2119","2011-10-20",18,6,12,3,3,7,5
"2120","2011-10-21",21,10,11,5,5,5,6
"2121","2011-10-22",24,14,10,9,5,3,7
"2122","2011-10-23",18,4,14,0,4,8,6
"2123","2011-10-24",16,7,9,1,6,7,2
"2124","2011-10-25",18,12,6,7,5,5,1
"2125","2011-10-26",16,9,7,4,5,5,2
"2126","2011-10-27",21,8,13,3,5,5,8
"2127","2011-10-28",21,10,11,5,5,4,7
"2128","2011-10-29",19,12,7,3,9,5,2
"2129","2011-10-30",9,8,1,2,6,1,0
"2130","2011-10-31",11,4,7,3,1,4,3
"2131","2011-11-01",20,8,12,4,4,6,6
"2132","2011-11-02",23,13,10,8,5,5,5
"2133","2011-11-03",27,13,14,6,7,4,10
"2134","2011-11-04",19,9,10,2,7,5,5
"2135","2011-11-05",17,9,8,3,6,6,2
"2136","2011-11-06",22,12,10,7,5,5,5
"2137","2011-11-07",16,9,7,4,5,5,2
"2138","2011-11-08",20,8,12,6,2,5,7
"2139","2011-11-09",17,9,8,3,6,1,7
"2140","2011-11-10",20,9,11,4,5,6,5
"2141","2011-11-11",21,11,10,3,8,7,3
"2142","2011-11-12",22,5,17,4,1,8,9
"2143","2011-11-13",16,10,6,3,7,2,4
"2144","2011-11-14",26,13,13,6,7,7,6
"2145","2011-11-15",19,13,6,8,5,2,4
"2146","2011-11-16",23,11,12,4,7,5,7
"2147","2011-11-17",28,12,16,7,5,6,10
"2148","2011-11-18",22,8,14,3,5,7,7
"2149","2011-11-19",25,12,13,5,7,4,9
"2150","2011-11-20",17,5,12,3,2,3,9
"2151","2011-11-21",20,6,14,1,5,11,3
"2152","2011-11-22",14,5,9,2,3,4,5
"2153","2011-11-23",25,13,12,8,5,7,5
"2154","2011-11-24",17,9,8,6,3,5,3
"2155","2011-11-25",20,12,8,6,6,5,3
"2156","2011-11-26",26,14,12,6,8,4,8
"2157","2011-11-27",21,12,9,7,5,4,5
"2158","2011-11-28",16,7,9,4,3,6,3
"2159","2011-11-29",27,13,14,7,6,8,6
"2160","2011-11-30",24,12,12,5,7,2,10
"2161","2011-12-01",18,8,10,3,5,4,6
"2162","2011-12-02",19,7,12,2,5,5,7
"2163","2011-12-03",18,7,11,4,3,6,5
"2164","2011-12-04",23,13,10,8,5,6,4
"2165","2011-12-05",22,11,11,7,4,6,5
"2166","2011-12-06",31,14,17,5,9,10,7
"2167","2011-12-07",27,17,10,7,10,5,5
"2168","2011-12-08",15,7,8,2,5,4,4
"2169","2011-12-09",23,10,13,5,5,7,6
"2170","2011-12-10",14,7,7,3,4,3,4
"2171","2011-12-11",13,5,8,3,2,5,3
"2172","2011-12-12",14,5,9,2,3,5,4
"2173","2011-12-13",23,14,9,10,4,6,3
"2174","2011-12-14",24,15,9,7,8,6,3
"2175","2011-12-15",29,13,16,7,6,7,9
"2176","2011-12-16",17,5,12,4,1,9,3
"2177","2011-12-17",27,11,16,4,7,5,11
"2178","2011-12-18",18,9,9,6,3,3,6
"2179","2011-12-19",30,13,17,8,5,6,11
"2180","2011-12-20",17,5,12,3,2,5,7
"2181","2011-12-21",35,24,11,12,12,5,6
"2182","2011-12-22",15,8,7,1,7,3,4
"2183","2011-12-23",20,11,9,5,6,5,4
"2184","2011-12-24",19,10,9,5,5,7,2
"2185","2011-12-25",18,11,7,6,5,2,5
"2186","2011-12-26",28,16,12,7,9,5,7
"2187","2011-12-27",18,5,13,1,4,9,4
"2188","2011-12-28",23,13,10,2,11,6,4
"2189","2011-12-29",15,8,7,4,4,4,3
"2190","2011-12-30",17,10,7,4,6,4,3
"2191","2011-12-31",16,9,7,3,6,5,2
"2192","2012-01-01",16,7,9,2,5,6,3
"2193","2012-01-02",16,6,10,4,2,4,6
"2194","2012-01-03",26,10,16,4,6,9,7
"2195","2012-01-04",20,11,9,7,4,3,6
"2196","2012-01-05",27,11,16,5,6,6,10
"2197","2012-01-06",24,12,12,7,5,8,4
"2198","2012-01-07",20,9,11,7,2,7,4
"2199","2012-01-08",15,11,4,5,6,2,2
"2200","2012-01-09",12,6,6,3,3,2,4
"2201","2012-01-10",21,9,12,3,6,3,9
"2202","2012-01-11",12,7,5,2,5,4,1
"2203","2012-01-12",23,8,15,0,8,6,9
"2204","2012-01-13",22,11,11,5,6,7,4
"2205","2012-01-14",21,10,11,6,4,6,5
"2206","2012-01-15",20,10,10,4,6,6,4
"2207","2012-01-16",32,20,12,9,11,6,6
"2208","2012-01-17",18,6,12,2,4,6,6
"2209","2012-01-18",25,11,14,8,3,10,4
"2210","2012-01-19",19,12,7,7,5,3,4
"2211","2012-01-20",23,8,15,5,3,10,5
"2212","2012-01-21",20,12,8,5,7,5,3
"2213","2012-01-22",16,8,8,4,4,5,3
"2214","2012-01-23",21,12,9,3,9,1,8
"2215","2012-01-24",19,9,10,6,3,4,6
"2216","2012-01-25",18,9,9,5,4,3,6
"2217","2012-01-26",18,6,12,4,2,7,5
"2218","2012-01-27",20,10,10,7,3,4,6
"2219","2012-01-28",22,13,9,7,6,3,6
"2220","2012-01-29",40,20,20,10,10,8,12
"2221","2012-01-30",22,10,12,6,4,7,5
"2222","2012-01-31",19,11,8,7,4,2,6
"2223","2012-02-01",17,8,9,6,2,6,3
"2224","2012-02-02",16,8,8,4,4,3,5
"2225","2012-02-03",31,16,15,8,8,8,7
"2226","2012-02-04",18,10,8,5,5,4,4
"2227","2012-02-05",15,8,7,4,4,4,3
"2228","2012-02-06",19,10,9,7,3,3,6
"2229","2012-02-07",29,10,19,5,5,10,9
"2230","2012-02-08",23,14,9,5,9,5,4
"2231","2012-02-09",14,6,8,5,1,5,3
"2232","2012-02-10",16,10,6,3,7,3,3
"2233","2012-02-11",17,8,9,2,6,5,4
"2234","2012-02-12",25,16,9,5,11,4,5
"2235","2012-02-13",21,9,12,6,3,10,2
"2236","2012-02-14",21,12,9,4,8,6,3
"2237","2012-02-15",19,8,11,4,4,5,6
"2238","2012-02-16",28,17,11,9,8,6,5
"2239","2012-02-17",25,11,14,10,1,8,6
"2240","2012-02-18",17,10,7,4,6,2,5
"2241","2012-02-19",28,17,11,11,6,3,8
"2242","2012-02-20",21,11,10,4,7,4,6
"2243","2012-02-21",18,10,8,4,6,5,3
"2244","2012-02-22",24,12,12,5,7,7,5
"2245","2012-02-23",29,16,13,8,8,5,8
"2246","2012-02-24",17,11,6,7,4,4,2
"2247","2012-02-25",28,13,15,7,6,10,5
"2248","2012-02-26",23,13,10,5,8,8,2
"2249","2012-02-27",16,11,5,5,6,4,1
"2250","2012-02-28",19,8,11,2,6,6,5
"2251","2012-02-29",20,13,7,5,8,4,3
"2252","2012-03-01",22,12,10,6,6,3,7
"2253","2012-03-02",26,14,12,9,5,5,7
"2254","2012-03-03",20,8,12,4,4,5,7
"2255","2012-03-04",18,8,10,4,4,6,4
"2256","2012-03-05",19,9,10,4,5,7,3
"2257","2012-03-06",17,7,10,5,2,8,2
"2258","2012-03-07",17,9,8,4,5,7,1
"2259","2012-03-08",24,16,8,10,6,6,2
"2260","2012-03-09",17,13,4,8,5,2,2
"2261","2012-03-10",25,11,14,3,8,8,6
"2262","2012-03-11",20,12,8,2,10,4,4
"2263","2012-03-12",23,9,14,4,5,4,10
"2264","2012-03-13",14,10,4,4,6,1,3
"2265","2012-03-14",21,10,11,7,3,5,6
"2266","2012-03-15",17,7,10,3,4,5,5
"2267","2012-03-16",24,10,14,3,7,4,10
"2268","2012-03-17",21,9,12,4,5,8,4
"2269","2012-03-18",26,9,17,9,0,9,8
"2270","2012-03-19",32,15,17,9,6,12,5
"2271","2012-03-20",20,14,6,6,8,4,2
"2272","2012-03-21",25,12,13,6,6,8,5
"2273","2012-03-22",20,11,9,4,7,5,4
"2274","2012-03-23",20,13,7,3,10,3,4
"2275","2012-03-24",26,8,18,3,5,7,11
"2276","2012-03-25",16,10,6,4,6,2,4
"2277","2012-03-26",12,3,9,1,2,7,2
"2278","2012-03-27",21,9,12,5,4,9,3
"2279","2012-03-28",17,8,9,4,4,5,4
"2280","2012-03-29",31,20,11,10,10,2,9
"2281","2012-03-30",16,6,10,3,3,5,5
"2282","2012-03-31",17,9,8,3,6,3,5
"2283","2012-04-01",31,16,15,9,7,4,11
"2284","2012-04-02",22,12,10,6,6,3,7
"2285","2012-04-03",27,15,12,7,8,5,7
"2286","2012-04-04",19,11,8,5,6,2,6
"2287","2012-04-05",19,8,11,5,3,6,5
"2288","2012-04-06",25,8,17,4,4,5,12
"2289","2012-04-07",14,9,5,3,6,5,0
"2290","2012-04-08",20,10,10,3,7,6,4
"2291","2012-04-09",19,12,7,4,8,3,4
"2292","2012-04-10",23,12,11,5,7,7,4
"2293","2012-04-11",14,10,4,4,6,1,3
"2294","2012-04-12",18,9,9,6,3,7,2
"2295","2012-04-13",20,9,11,4,5,6,5
"2296","2012-04-14",24,12,12,4,8,5,7
"2297","2012-04-15",16,6,10,5,1,8,2
"2298","2012-04-16",26,15,11,8,7,7,4
"2299","2012-04-17",20,13,7,6,7,2,5
"2300","2012-04-18",20,12,8,5,7,4,4
"2301","2012-04-19",25,9,16,3,6,6,10
"2302","2012-04-20",18,7,11,5,2,9,2
"2303","2012-04-21",20,13,7,5,8,5,2
"2304","2012-04-22",20,9,11,3,6,4,7
"2305","2012-04-23",16,8,8,2,6,6,2
"2306","2012-04-24",22,4,18,3,1,7,11
"2307","2012-04-25",17,7,10,4,3,3,7
"2308","2012-04-26",16,8,8,5,3,2,6
"2309","2012-04-27",11,6,5,2,4,2,3
"2310","2012-04-28",19,9,10,2,7,5,5
"2311","2012-04-29",16,6,10,3,3,5,5
"2312","2012-04-30",18,11,7,3,8,5,2
"2313","2012-05-01",16,9,7,6,3,2,5
"2314","2012-05-02",27,10,17,7,3,8,9
"2315","2012-05-03",23,16,7,5,11,3,4
"2316","2012-05-04",22,12,10,5,7,5,5
"2317","2012-05-05",25,10,15,3,7,4,11
"2318","2012-05-06",27,15,12,5,10,7,5
"2319","2012-05-07",26,10,16,6,4,5,11
"2320","2012-05-08",15,6,9,5,1,8,1
"2321","2012-05-09",24,12,12,5,7,8,4
"2322","2012-05-10",17,10,7,4,6,4,3
"2323","2012-05-11",17,14,3,11,3,0,3
"2324","2012-05-12",16,9,7,4,5,4,3
"2325","2012-05-13",21,13,8,9,4,5,3
"2326","2012-05-14",29,18,11,8,10,5,6
"2327","2012-05-15",22,11,11,6,5,4,7
"2328","2012-05-16",25,12,13,7,5,6,7
"2329","2012-05-17",22,14,8,10,4,6,2
"2330","2012-05-18",29,18,11,10,8,6,5
"2331","2012-05-19",26,11,15,1,10,8,7
"2332","2012-05-20",13,7,6,4,3,2,4
"2333","2012-05-21",26,12,14,5,7,9,5
"2334","2012-05-22",21,8,13,6,2,7,6
"2335","2012-05-23",16,5,11,4,1,3,8
"2336","2012-05-24",14,6,8,2,4,1,7
"2337","2012-05-25",20,9,11,6,3,7,4
"2338","2012-05-26",18,9,9,3,6,5,4
"2339","2012-05-27",20,8,12,3,5,7,5
"2340","2012-05-28",22,10,12,4,6,3,9
"2341","2012-05-29",28,13,15,10,3,9,6
"2342","2012-05-30",26,13,13,6,7,7,6
"2343","2012-05-31",20,11,9,5,6,5,4
"2344","2012-06-01",22,12,10,7,5,3,7
"2345","2012-06-02",24,12,12,4,8,5,7
"2346","2012-06-03",20,10,10,4,6,3,7
"2347","2012-06-04",19,9,10,5,4,4,6
"2348","2012-06-05",23,17,6,11,6,1,5
"2349","2012-06-06",24,12,12,6,6,6,6
"2350","2012-06-07",25,12,13,9,3,5,8
"2351","2012-06-08",27,16,11,11,5,4,7
"2352","2012-06-09",21,8,13,3,5,4,9
"2353","2012-06-10",18,11,7,7,4,3,4
"2354","2012-06-11",23,13,10,5,8,5,5
"2355","2012-06-12",23,10,13,5,5,7,6
"2356","2012-06-13",17,10,7,6,4,2,5
"2357","2012-06-14",15,5,10,3,2,7,3
"2358","2012-06-15",27,10,17,2,8,8,9
"2359","2012-06-16",13,5,8,4,1,6,2
"2360","2012-06-17",27,16,11,8,8,4,7
"2361","2012-06-18",23,13,10,10,3,4,6
"2362","2012-06-19",29,14,15,9,5,12,3
"2363","2012-06-20",15,11,4,3,8,1,3
"2364","2012-06-21",24,8,16,6,2,10,6
"2365","2012-06-22",21,13,8,8,5,2,6
"2366","2012-06-23",19,9,10,5,4,4,6
"2367","2012-06-24",22,12,10,7,5,8,2
"2368","2012-06-25",29,14,15,6,8,8,7
"2369","2012-06-26",22,10,12,4,6,5,7
"2370","2012-06-27",21,8,13,2,6,7,6
"2371","2012-06-28",19,10,9,6,4,4,5
"2372","2012-06-29",19,9,10,5,4,5,5
"2373","2012-06-30",21,12,9,6,6,7,2
"2374","2012-07-01",21,9,12,2,7,3,9
"2375","2012-07-02",26,11,15,6,5,9,6
"2376","2012-07-03",26,12,14,6,6,5,9
"2377","2012-07-04",27,12,15,3,9,7,8
"2378","2012-07-05",33,22,11,12,10,5,6
"2379","2012-07-06",22,11,11,7,4,5,6
"2380","2012-07-07",18,9,9,5,4,6,3
"2381","2012-07-08",24,10,14,6,4,7,7
"2382","2012-07-09",19,8,11,5,3,6,5
"2383","2012-07-10",26,15,11,7,8,4,7
"2384","2012-07-11",17,9,8,4,5,4,4
"2385","2012-07-12",30,17,13,11,6,7,6
"2386","2012-07-13",27,12,15,8,4,9,6
"2387","2012-07-14",15,8,7,5,3,2,5
"2388","2012-07-15",14,2,12,2,0,7,5
"2389","2012-07-16",19,7,12,4,3,7,5
"2390","2012-07-17",11,4,7,4,0,3,4
"2391","2012-07-18",20,7,13,4,3,8,5
"2392","2012-07-19",25,15,10,3,12,7,3
"2393","2012-07-20",28,10,18,6,4,9,9
"2394","2012-07-21",19,12,7,4,8,5,2
"2395","2012-07-22",22,9,13,5,4,6,7
"2396","2012-07-23",15,4,11,2,2,9,2
"2397","2012-07-24",20,12,8,6,6,3,5
"2398","2012-07-25",32,14,18,5,9,5,13
"2399","2012-07-26",21,13,8,5,8,5,3
"2400","2012-07-27",15,6,9,3,3,4,5
"2401","2012-07-28",20,9,11,1,8,8,3
"2402","2012-07-29",12,5,7,1,4,4,3
"2403","2012-07-30",24,11,13,5,6,5,8
"2404","2012-07-31",17,9,8,5,4,5,3
"2405","2012-08-01",14,6,8,4,2,6,2
"2406","2012-08-02",20,6,14,3,3,8,6
"2407","2012-08-03",22,14,8,5,9,2,6
"2408","2012-08-04",27,11,16,5,6,12,4
"2409","2012-08-05",21,11,10,7,4,4,6
"2410","2012-08-06",21,9,12,6,3,4,8
"2411","2012-08-07",31,11,20,4,7,7,13
"2412","2012-08-08",25,14,11,9,5,8,3
"2413","2012-08-09",23,15,8,5,10,3,5
"2414","2012-08-10",20,11,9,4,7,8,1
"2415","2012-08-11",14,6,8,4,2,7,1
"2416","2012-08-12",16,8,8,7,1,2,6
"2417","2012-08-13",25,9,16,5,4,10,6
"2418","2012-08-14",27,13,14,7,6,13,1
"2419","2012-08-15",15,5,10,2,3,7,3
"2420","2012-08-16",17,6,11,2,4,9,2
"2421","2012-08-17",18,8,10,3,5,2,8
"2422","2012-08-18",21,13,8,5,8,2,6
"2423","2012-08-19",21,12,9,7,5,3,6
"2424","2012-08-20",21,7,14,5,2,7,7
"2425","2012-08-21",22,11,11,3,8,9,2
"2426","2012-08-22",28,14,14,6,8,5,9
"2427","2012-08-23",22,13,9,6,7,5,4
"2428","2012-08-24",20,14,6,4,10,4,2
"2429","2012-08-25",22,8,14,6,2,5,9
"2430","2012-08-26",26,11,15,5,6,7,8
"2431","2012-08-27",23,12,11,5,7,7,4
"2432","2012-08-28",14,8,6,3,5,2,4
"2433","2012-08-29",23,12,11,8,4,9,2
"2434","2012-08-30",17,7,10,3,4,3,7
"2435","2012-08-31",17,8,9,5,3,2,7
"2436","2012-09-01",21,7,14,5,2,6,8
"2437","2012-09-02",24,15,9,8,7,3,6
"2438","2012-09-03",17,11,6,4,7,3,3
"2439","2012-09-04",25,14,11,6,8,9,2
"2440","2012-09-05",18,11,7,8,3,3,4
"2441","2012-09-06",21,8,13,1,7,6,7
"2442","2012-09-07",21,14,7,7,7,4,3
"2443","2012-09-08",18,11,7,5,6,4,3
"2444","2012-09-09",14,10,4,2,8,2,2
"2445","2012-09-10",17,8,9,3,5,1,8
"2446","2012-09-11",20,8,12,5,3,8,4
"2447","2012-09-12",14,6,8,4,2,3,5
"2448","2012-09-13",23,7,16,2,5,4,12
"2449","2012-09-14",20,8,12,4,4,5,7
"2450","2012-09-15",14,7,7,4,3,4,3
"2451","2012-09-16",23,10,13,5,5,8,5
"2452","2012-09-17",25,10,15,5,5,6,9
"2453","2012-09-18",16,8,8,4,4,4,4
"2454","2012-09-19",16,7,9,4,3,4,5
"2455","2012-09-20",25,12,13,5,7,3,10
"2456","2012-09-21",24,12,12,6,6,5,7
"2457","2012-09-22",14,8,6,4,4,4,2
"2458","2012-09-23",19,8,11,4,4,7,4
"2459","2012-09-24",29,13,16,5,8,6,10
"2460","2012-09-25",25,13,12,6,7,5,7
"2461","2012-09-26",16,7,9,2,5,7,2
"2462","2012-09-27",26,17,9,8,9,5,4
"2463","2012-09-28",14,7,7,4,3,2,5
"2464","2012-09-29",19,6,13,4,2,9,4
"2465","2012-09-30",20,8,12,4,4,10,2
"2466","2012-10-01",19,11,8,6,5,1,7
"2467","2012-10-02",21,12,9,5,7,4,5
"2468","2012-10-03",22,11,11,5,6,9,2
"2469","2012-10-04",22,13,9,8,5,7,2
"2470","2012-10-05",27,13,14,5,8,10,4
"2471","2012-10-06",27,18,9,9,9,1,8
"2472","2012-10-07",29,14,15,7,7,8,7
"2473","2012-10-08",26,9,17,6,3,10,7
"2474","2012-10-09",25,15,10,7,8,4,6
"2475","2012-10-10",24,7,17,1,6,9,8
"2476","2012-10-11",16,10,6,4,6,2,4
"2477","2012-10-12",12,6,6,2,4,3,3
"2478","2012-10-13",20,8,12,1,7,7,5
"2479","2012-10-14",21,7,14,3,4,7,7
"2480","2012-10-15",31,16,15,4,12,10,5
"2481","2012-10-16",18,13,5,5,8,1,4
"2482","2012-10-17",18,11,7,5,6,3,4
"2483","2012-10-18",17,2,15,1,1,9,6
"2484","2012-10-19",19,10,9,5,5,5,4
"2485","2012-10-20",23,11,12,4,7,4,8
"2486","2012-10-21",18,10,8,4,6,5,3
"2487","2012-10-22",15,11,4,4,7,2,2
"2488","2012-10-23",23,12,11,10,2,5,6
"2489","2012-10-24",26,17,9,7,10,6,3
"2490","2012-10-25",23,12,11,5,7,7,4
"2491","2012-10-26",17,9,8,3,6,2,6
"2492","2012-10-27",21,9,12,7,2,7,5
"2493","2012-10-28",22,11,11,6,5,6,5
"2494","2012-10-29",22,14,8,5,9,5,3
"2495","2012-10-30",16,6,10,0,6,7,3
"2496","2012-10-31",11,5,6,2,3,1,5
"2497","2012-11-01",21,6,15,2,4,9,6
"2498","2012-11-02",22,15,7,8,7,4,3
"2499","2012-11-03",24,14,10,4,10,5,5
"2500","2012-11-04",23,12,11,5,7,6,5
"2501","2012-11-05",12,7,5,3,4,0,5
"2502","2012-11-06",15,7,8,3,4,4,4
"2503","2012-11-07",17,7,10,1,6,5,5
"2504","2012-11-08",21,13,8,7,6,4,4
"2505","2012-11-09",14,9,5,2,7,4,1
"2506","2012-11-10",28,12,16,7,5,8,8
"2507","2012-11-11",19,8,11,4,4,4,7
"2508","2012-11-12",17,9,8,3,6,4,4
"2509","2012-11-13",19,13,6,2,11,4,2
"2510","2012-11-14",25,17,8,10,7,4,4
"2511","2012-11-15",20,8,12,3,5,7,5
"2512","2012-11-16",18,11,7,5,6,4,3
"2513","2012-11-17",22,12,10,4,8,8,2
"2514","2012-11-18",12,7,5,5,2,2,3
"2515","2012-11-19",19,10,9,4,6,7,2
"2516","2012-11-20",22,14,8,6,8,3,5
"2517","2012-11-21",24,11,13,6,5,9,4
"2518","2012-11-22",24,12,12,5,7,7,5
"2519","2012-11-23",21,8,13,3,5,8,5
"2520","2012-11-24",23,10,13,6,4,9,4
"2521","2012-11-25",18,8,10,4,4,8,2
"2522","2012-11-26",17,9,8,4,5,6,2
"2523","2012-11-27",24,14,10,8,6,7,3
"2524","2012-11-28",19,11,8,6,5,4,4
"2525","2012-11-29",22,7,15,3,4,11,4
"2526","2012-11-30",18,5,13,0,5,5,8
"2527","2012-12-01",17,10,7,2,8,3,4
"2528","2012-12-02",17,9,8,4,5,6,2
"2529","2012-12-03",24,13,11,7,6,5,6
"2530","2012-12-04",13,8,5,1,7,4,1
"2531","2012-12-05",21,12,9,9,3,4,5
"2532","2012-12-06",26,12,14,5,7,5,9
"2533","2012-12-07",23,4,19,3,1,9,10
"2534","2012-12-08",15,7,8,2,5,4,4
"2535","2012-12-09",28,18,10,12,6,7,3
"2536","2012-12-10",16,8,8,6,2,2,6
"2537","2012-12-11",27,12,15,6,6,6,9
"2538","2012-12-12",24,12,12,9,3,6,6
"2539","2012-12-13",18,7,11,4,3,7,4
"2540","2012-12-14",23,14,9,6,8,4,5
"2541","2012-12-15",18,8,10,2,6,6,4
"2542","2012-12-16",21,13,8,9,4,4,4
"2543","2012-12-17",30,14,16,8,6,8,8
"2544","2012-12-18",25,12,13,5,7,6,7
"2545","2012-12-19",14,7,7,5,2,2,5
"2546","2012-12-20",21,11,10,4,7,4,6
"2547","2012-12-21",13,5,8,4,1,6,2
"2548","2012-12-22",18,7,11,2,5,7,4
"2549","2012-12-23",24,15,9,3,12,5,4
"2550","2012-12-24",15,7,8,2,5,4,4
"2551","2012-12-25",16,6,10,3,3,6,4
"2552","2012-12-26",23,10,13,3,7,8,5
"2553","2012-12-27",23,14,9,8,6,4,5
"2554","2012-12-28",25,16,9,7,9,5,4
"2555","2012-12-29",26,12,14,6,6,9,5
"2556","2012-12-30",19,11,8,7,4,3,5
"2557","2012-12-31",19,10,9,5,5,4,5
"2558","2013-01-01",17,7,10,4,3,4,6
"2559","2013-01-02",24,12,12,8,4,9,3
"2560","2013-01-03",24,12,12,4,8,4,8
"2561","2013-01-04",21,10,11,2,8,5,6
"2562","2013-01-05",23,9,14,4,5,8,6
"2563","2013-01-06",20,11,9,4,7,1,8
"2564","2013-01-07",21,11,10,1,10,5,5
"2565","2013-01-08",31,18,13,7,11,6,7
"2566","2013-01-09",26,11,15,8,3,6,9
"2567","2013-01-10",16,8,8,3,5,3,5
"2568","2013-01-11",18,7,11,3,4,7,4
"2569","2013-01-12",30,14,16,6,8,8,8
"2570","2013-01-13",28,16,12,10,6,7,5
"2571","2013-01-14",21,7,14,4,3,5,9
"2572","2013-01-15",25,10,15,4,6,7,8
"2573","2013-01-16",20,12,8,2,10,6,2
"2574","2013-01-17",18,7,11,3,4,7,4
"2575","2013-01-18",23,10,13,5,5,8,5
"2576","2013-01-19",18,7,11,3,4,4,7
"2577","2013-01-20",21,9,12,3,6,7,5
"2578","2013-01-21",21,9,12,3,6,6,6
"2579","2013-01-22",18,9,9,6,3,4,5
"2580","2013-01-23",15,9,6,2,7,5,1
"2581","2013-01-24",25,13,12,8,5,6,6
"2582","2013-01-25",22,11,11,4,7,5,6
"2583","2013-01-26",22,11,11,5,6,4,7
"2584","2013-01-27",19,9,10,6,3,5,5
"2585","2013-01-28",26,12,14,3,9,6,8
"2586","2013-01-29",30,13,17,8,5,6,11
"2587","2013-01-30",17,9,8,5,4,6,2
"2588","2013-01-31",18,7,11,3,4,7,4
"2589","2013-02-01",18,9,9,6,3,5,4
"2590","2013-02-02",21,10,11,6,4,4,7
"2591","2013-02-03",28,16,12,7,9,6,6
"2592","2013-02-04",17,9,8,3,6,5,3
"2593","2013-02-05",22,9,13,1,8,6,7
"2594","2013-02-06",16,7,9,4,3,3,6
"2595","2013-02-07",21,11,10,5,6,2,8
"2596","2013-02-08",15,5,10,4,1,4,6
"2597","2013-02-09",25,14,11,7,7,8,3
"2598","2013-02-10",29,11,18,4,7,7,11
"2599","2013-02-11",26,14,12,8,6,6,6
"2600","2013-02-12",19,10,9,4,6,4,5
"2601","2013-02-13",24,14,10,6,8,4,6
"2602","2013-02-14",19,8,11,5,3,6,5
"2603","2013-02-15",30,19,11,7,12,8,3
"2604","2013-02-16",18,9,9,5,4,5,4
"2605","2013-02-17",21,11,10,8,3,7,3
"2606","2013-02-18",22,11,11,7,4,7,4
"2607","2013-02-19",15,8,7,1,7,4,3
"2608","2013-02-20",25,12,13,5,7,6,7
"2609","2013-02-21",18,7,11,4,3,6,5
"2610","2013-02-22",19,13,6,7,6,2,4
"2611","2013-02-23",22,14,8,7,7,6,2
"2612","2013-02-24",20,11,9,6,5,9,0
"2613","2013-02-25",20,9,11,4,5,6,5
"2614","2013-02-26",24,9,15,5,4,6,9
"2615","2013-02-27",25,14,11,8,6,8,3
"2616","2013-02-28",14,7,7,4,3,3,4
"2617","2013-03-01",17,10,7,5,5,3,4
"2618","2013-03-02",30,18,12,10,8,5,7
"2619","2013-03-03",24,7,17,4,3,8,9
"2620","2013-03-04",14,6,8,4,2,4,4
"2621","2013-03-05",33,19,14,8,11,4,10
"2622","2013-03-06",26,10,16,5,5,6,10
"2623","2013-03-07",19,8,11,3,5,8,3
"2624","2013-03-08",22,10,12,5,5,8,4
"2625","2013-03-09",17,8,9,4,4,4,5
"2626","2013-03-10",27,12,15,7,5,10,5
"2627","2013-03-11",18,8,10,3,5,5,5
"2628","2013-03-12",31,16,15,6,10,8,7
"2629","2013-03-13",20,14,6,7,7,5,1
"2630","2013-03-14",15,8,7,5,3,3,4
"2631","2013-03-15",17,7,10,4,3,7,3
"2632","2013-03-16",17,11,6,7,4,2,4
"2633","2013-03-17",25,12,13,6,6,6,7
"2634","2013-03-18",18,10,8,5,5,5,3
"2635","2013-03-19",16,9,7,4,5,5,2
"2636","2013-03-20",30,14,16,7,7,8,8
"2637","2013-03-21",36,19,17,11,8,9,8
"2638","2013-03-22",22,11,11,5,6,5,6
"2639","2013-03-23",24,10,14,6,4,9,5
"2640","2013-03-24",21,11,10,6,5,5,5
"2641","2013-03-25",19,8,11,5,3,4,7
"2642","2013-03-26",18,14,4,6,8,2,2
"2643","2013-03-27",15,6,9,4,2,4,5
"2644","2013-03-28",23,11,12,6,5,5,7
"2645","2013-03-29",25,13,12,8,5,6,6
"2646","2013-03-30",22,14,8,9,5,2,6
"2647","2013-03-31",23,11,12,7,4,4,8
"2648","2013-04-01",24,11,13,8,3,6,7
"2649","2013-04-02",16,11,5,5,6,1,4
"2650","2013-04-03",11,7,4,2,5,2,2
"2651","2013-04-04",16,5,11,2,3,6,5
"2652","2013-04-05",17,9,8,5,4,3,5
"2653","2013-04-06",21,11,10,7,4,6,4
"2654","2013-04-07",32,20,12,7,13,7,5
"2655","2013-04-08",24,13,11,7,6,3,8
"2656","2013-04-09",19,12,7,5,7,3,4
"2657","2013-04-10",15,6,9,2,4,5,4
"2658","2013-04-11",20,12,8,7,5,4,4
"2659","2013-04-12",14,6,8,3,3,5,3
"2660","2013-04-13",17,7,10,3,4,6,4
"2661","2013-04-14",20,10,10,6,4,3,7
"2662","2013-04-15",22,10,12,4,6,6,6
"2663","2013-04-16",16,4,12,3,1,7,5
"2664","2013-04-17",22,8,14,3,5,9,5
"2665","2013-04-18",15,9,6,4,5,2,4
"2666","2013-04-19",18,10,8,6,4,5,3
"2667","2013-04-20",23,9,14,7,2,7,7
"2668","2013-04-21",25,14,11,8,6,5,6
"2669","2013-04-22",18,10,8,2,8,5,3
"2670","2013-04-23",19,8,11,4,4,5,6
"2671","2013-04-24",19,9,10,3,6,6,4
"2672","2013-04-25",28,14,14,8,6,6,8
"2673","2013-04-26",16,9,7,4,5,2,5
"2674","2013-04-27",19,6,13,2,4,3,10
"2675","2013-04-28",24,16,8,8,8,3,5
"2676","2013-04-29",21,12,9,4,8,3,6
"2677","2013-04-30",15,6,9,5,1,6,3
"2678","2013-05-01",19,11,8,6,5,5,3
"2679","2013-05-02",15,8,7,5,3,1,6
"2680","2013-05-03",25,12,13,5,7,3,10
"2681","2013-05-04",14,8,6,4,4,2,4
"2682","2013-05-05",17,9,8,6,3,3,5
"2683","2013-05-06",28,12,16,4,8,8,8
"2684","2013-05-07",21,11,10,6,5,5,5
"2685","2013-05-08",22,7,15,2,5,6,9
"2686","2013-05-09",21,9,12,3,6,5,7
"2687","2013-05-10",19,8,11,6,2,7,4
"2688","2013-05-11",22,11,11,6,5,8,3
"2689","2013-05-12",17,7,10,3,4,7,3
"2690","2013-05-13",20,11,9,5,6,3,6
"2691","2013-05-14",24,8,16,3,5,8,8
"2692","2013-05-15",21,10,11,7,3,6,5
"2693","2013-05-16",22,13,9,6,7,5,4
"2694","2013-05-17",31,8,23,5,3,9,14
"2695","2013-05-18",31,16,15,8,8,3,12
"2696","2013-05-19",21,10,11,6,4,3,8
"2697","2013-05-20",19,8,11,7,1,3,8
"2698","2013-05-21",20,10,10,4,6,7,3
"2699","2013-05-22",24,15,9,10,5,5,4
"2700","2013-05-23",25,14,11,5,9,5,6
"2701","2013-05-24",19,11,8,7,4,3,5
"2702","2013-05-25",15,5,10,2,3,6,4
"2703","2013-05-26",18,10,8,9,1,3,5
"2704","2013-05-27",17,6,11,1,5,5,6
"2705","2013-05-28",28,13,15,6,7,5,10
"2706","2013-05-29",18,9,9,7,2,5,4
"2707","2013-05-30",18,5,13,3,2,8,5
"2708","2013-05-31",28,18,10,7,11,5,5
"2709","2013-06-01",25,10,15,5,5,8,7
"2710","2013-06-02",24,9,15,4,5,9,6
"2711","2013-06-03",22,11,11,4,7,2,9
"2712","2013-06-04",22,10,12,7,3,6,6
"2713","2013-06-05",15,6,9,2,4,8,1
"2714","2013-06-06",28,16,12,13,3,2,10
"2715","2013-06-07",17,10,7,5,5,4,3
"2716","2013-06-08",16,5,11,2,3,8,3
"2717","2013-06-09",22,10,12,8,2,5,7
"2718","2013-06-10",26,12,14,8,4,6,8
"2719","2013-06-11",14,7,7,3,4,2,5
"2720","2013-06-12",25,17,8,11,6,4,4
"2721","2013-06-13",19,9,10,5,4,7,3
"2722","2013-06-14",28,10,18,7,3,7,11
"2723","2013-06-15",22,10,12,7,3,7,5
"2724","2013-06-16",16,8,8,6,2,3,5
"2725","2013-06-17",18,7,11,4,3,5,6
"2726","2013-06-18",18,7,11,3,4,6,5
"2727","2013-06-19",20,12,8,8,4,4,4
"2728","2013-06-20",20,15,5,10,5,3,2
"2729","2013-06-21",20,11,9,5,6,7,2
"2730","2013-06-22",23,10,13,6,4,8,5
"2731","2013-06-23",29,11,18,5,6,14,4
"2732","2013-06-24",17,6,11,4,2,5,6
"2733","2013-06-25",28,20,8,13,7,5,3
"2734","2013-06-26",30,15,15,9,6,7,8
"2735","2013-06-27",24,7,17,4,3,6,11
"2736","2013-06-28",24,17,7,13,4,4,3
"2737","2013-06-29",14,6,8,4,2,3,5
"2738","2013-06-30",27,14,13,5,9,9,4
"2739","2013-07-01",31,16,15,5,11,10,5
"2740","2013-07-02",23,15,8,8,7,3,5
"2741","2013-07-03",23,8,15,4,4,8,7
"2742","2013-07-04",19,9,10,2,7,4,6
"2743","2013-07-05",15,7,8,5,2,6,2
"2744","2013-07-06",27,13,14,3,10,8,6
"2745","2013-07-07",23,13,10,7,6,5,5
"2746","2013-07-08",18,9,9,4,5,6,3
"2747","2013-07-09",20,9,11,5,4,7,4
"2748","2013-07-10",22,12,10,4,8,1,9
"2749","2013-07-11",28,14,14,8,6,9,5
"2750","2013-07-12",19,10,9,5,5,3,6
"2751","2013-07-13",23,10,13,6,4,3,10
"2752","2013-07-14",24,10,14,7,3,7,7
"2753","2013-07-15",25,10,15,4,6,8,7
"2754","2013-07-16",16,11,5,3,8,2,3
"2755","2013-07-17",21,12,9,7,5,6,3
"2756","2013-07-18",18,9,9,4,5,3,6
"2757","2013-07-19",13,6,7,3,3,5,2
"2758","2013-07-20",26,15,11,8,7,5,6
"2759","2013-07-21",17,7,10,3,4,7,3
"2760","2013-07-22",22,11,11,4,7,10,1
"2761","2013-07-23",15,8,7,4,4,2,5
"2762","2013-07-24",16,6,10,2,4,4,6
"2763","2013-07-25",19,11,8,3,8,4,4
"2764","2013-07-26",19,11,8,4,7,4,4
"2765","2013-07-27",17,5,12,4,1,7,5
"2766","2013-07-28",20,10,10,4,6,9,1
"2767","2013-07-29",17,12,5,6,6,2,3
"2768","2013-07-30",21,12,9,7,5,7,2
"2769","2013-07-31",20,11,9,6,5,5,4
"2770","2013-08-01",21,11,10,3,8,5,5
"2771","2013-08-02",19,11,8,5,6,6,2
"2772","2013-08-03",16,6,10,3,3,6,4
"2773","2013-08-04",16,12,4,5,7,2,2
"2774","2013-08-05",22,10,12,5,5,7,5
"2775","2013-08-06",28,12,16,5,7,7,9
"2776","2013-08-07",25,10,15,1,9,8,7
"2777","2013-08-08",19,8,11,4,4,6,5
"2778","2013-08-09",18,6,12,4,2,6,6
"2779","2013-08-10",22,9,13,4,5,6,7
"2780","2013-08-11",17,8,9,4,4,4,5
"2781","2013-08-12",26,13,13,6,7,5,8
"2782","2013-08-13",30,15,15,9,6,8,7
"2783","2013-08-14",20,12,8,7,5,7,1
"2784","2013-08-15",27,14,13,6,8,7,6
"2785","2013-08-16",19,9,10,5,4,5,5
"2786","2013-08-17",6,3,3,2,1,1,2
"2787","2013-08-18",20,7,13,3,4,7,6
"2788","2013-08-19",24,13,11,7,6,7,4
"2789","2013-08-20",22,13,9,7,6,6,3
"2790","2013-08-21",23,10,13,5,5,6,7
"2791","2013-08-22",22,18,4,9,9,0,4
"2792","2013-08-23",25,13,12,6,7,7,5
"2793","2013-08-24",19,9,10,6,3,5,5
"2794","2013-08-25",18,9,9,8,1,5,4
"2795","2013-08-26",23,13,10,7,6,6,4
"2796","2013-08-27",13,6,7,3,3,4,3
"2797","2013-08-28",24,10,14,2,8,6,8
"2798","2013-08-29",32,16,16,11,5,5,11
"2799","2013-08-30",14,7,7,5,2,4,3
"2800","2013-08-31",16,8,8,6,2,6,2
"2801","2013-09-01",27,14,13,5,9,8,5
"2802","2013-09-02",16,11,5,5,6,1,4
"2803","2013-09-03",17,11,6,4,7,2,4
"2804","2013-09-04",26,19,7,9,10,2,5
"2805","2013-09-05",19,9,10,4,5,6,4
"2806","2013-09-06",19,5,14,1,4,9,5
"2807","2013-09-07",21,6,15,5,1,9,6
"2808","2013-09-08",31,14,17,6,8,10,7
"2809","2013-09-09",22,10,12,3,7,8,4
"2810","2013-09-10",22,16,6,8,8,4,2
"2811","2013-09-11",13,6,7,4,2,3,4
"2812","2013-09-12",19,8,11,4,4,7,4
"2813","2013-09-13",19,15,4,8,7,2,2
"2814","2013-09-14",18,11,7,6,5,3,4
"2815","2013-09-15",19,8,11,5,3,4,7
"2816","2013-09-16",10,6,4,5,1,1,3
"2817","2013-09-17",19,11,8,5,6,2,6
"2818","2013-09-18",26,15,11,5,10,5,6
"2819","2013-09-19",22,11,11,5,6,8,3
"2820","2013-09-20",29,12,17,7,5,8,9
"2821","2013-09-21",12,6,6,4,2,4,2
"2822","2013-09-22",21,12,9,3,9,6,3
"2823","2013-09-23",24,13,11,9,4,5,6
"2824","2013-09-24",19,7,12,5,2,9,3
"2825","2013-09-25",19,9,10,4,5,8,2
"2826","2013-09-26",27,14,13,9,5,11,2
"2827","2013-09-27",19,5,14,2,3,7,7
"2828","2013-09-28",15,4,11,2,2,8,3
"2829","2013-09-29",20,11,9,6,5,7,2
"2830","2013-09-30",15,8,7,6,2,3,4
"2831","2013-10-01",23,12,11,5,7,3,8
"2832","2013-10-02",20,8,12,4,4,4,8
"2833","2013-10-03",20,12,8,3,9,4,4
"2834","2013-10-04",20,10,10,4,6,7,3
"2835","2013-10-05",18,11,7,4,7,4,3
"2836","2013-10-06",16,6,10,3,3,6,4
"2837","2013-10-07",19,11,8,5,6,3,5
"2838","2013-10-08",23,13,10,6,7,4,6
"2839","2013-10-09",26,17,9,9,8,4,5
"2840","2013-10-10",26,11,15,7,4,10,5
"2841","2013-10-11",22,13,9,6,7,3,6
"2842","2013-10-12",23,11,12,6,5,6,6
"2843","2013-10-13",16,8,8,3,5,3,5
"2844","2013-10-14",17,9,8,3,6,4,4
"2845","2013-10-15",22,8,14,3,5,6,8
"2846","2013-10-16",15,10,5,4,6,1,4
"2847","2013-10-17",18,9,9,5,4,6,3
"2848","2013-10-18",22,13,9,4,9,4,5
"2849","2013-10-19",23,12,11,2,10,8,3
"2850","2013-10-20",23,12,11,4,8,9,2
"2851","2013-10-21",22,9,13,4,5,5,8
"2852","2013-10-22",19,7,12,5,2,6,6
"2853","2013-10-23",21,10,11,7,3,7,4
"2854","2013-10-24",20,9,11,5,4,4,7
"2855","2013-10-25",20,11,9,5,6,4,5
"2856","2013-10-26",15,5,10,2,3,2,8
"2857","2013-10-27",19,8,11,6,2,9,2
"2858","2013-10-28",22,11,11,4,7,5,6
"2859","2013-10-29",23,10,13,5,5,3,10
"2860","2013-10-30",11,6,5,1,5,1,4
"2861","2013-10-31",17,9,8,6,3,4,4
"2862","2013-11-01",16,7,9,4,3,2,7
"2863","2013-11-02",21,9,12,4,5,7,5
"2864","2013-11-03",20,8,12,3,5,6,6
"2865","2013-11-04",13,6,7,3,3,3,4
"2866","2013-11-05",24,12,12,4,8,8,4
"2867","2013-11-06",26,14,12,2,12,10,2
"2868","2013-11-07",16,13,3,5,8,2,1
"2869","2013-11-08",20,14,6,7,7,2,4
"2870","2013-11-09",18,5,13,4,1,8,5
"2871","2013-11-10",28,17,11,5,12,5,6
"2872","2013-11-11",24,13,11,6,7,8,3
"2873","2013-11-12",16,7,9,4,3,6,3
"2874","2013-11-13",19,8,11,2,6,5,6
"2875","2013-11-14",15,6,9,2,4,3,6
"2876","2013-11-15",23,13,10,4,9,7,3
"2877","2013-11-16",18,10,8,6,4,3,5
"2878","2013-11-17",16,11,5,5,6,3,2
"2879","2013-11-18",26,12,14,6,6,5,9
"2880","2013-11-19",24,9,15,3,6,6,9
"2881","2013-11-20",19,9,10,5,4,5,5
"2882","2013-11-21",27,11,16,4,7,5,11
"2883","2013-11-22",15,8,7,4,4,2,5
"2884","2013-11-23",17,9,8,4,5,2,6
"2885","2013-11-24",27,17,10,7,10,5,5
"2886","2013-11-25",17,6,11,3,3,1,10
"2887","2013-11-26",13,8,5,7,1,3,2
"2888","2013-11-27",22,13,9,7,6,5,4
"2889","2013-11-28",25,10,15,2,8,8,7
"2890","2013-11-29",17,9,8,7,2,2,6
"2891","2013-11-30",20,13,7,5,8,5,2
"2892","2013-12-01",25,13,12,5,8,9,3
"2893","2013-12-02",27,18,9,12,6,5,4
"2894","2013-12-03",18,9,9,5,4,8,1
"2895","2013-12-04",37,16,21,5,11,12,9
"2896","2013-12-05",23,13,10,9,4,4,6
"2897","2013-12-06",23,13,10,4,9,5,5
"2898","2013-12-07",16,7,9,2,5,4,5
"2899","2013-12-08",17,5,12,0,5,6,6
"2900","2013-12-09",23,5,18,2,3,10,8
"2901","2013-12-10",22,15,7,6,9,1,6
"2902","2013-12-11",25,14,11,8,6,3,8
"2903","2013-12-12",16,5,11,0,5,7,4
"2904","2013-12-13",18,5,13,3,2,5,8
"2905","2013-12-14",19,11,8,5,6,3,5
"2906","2013-12-15",18,10,8,3,7,3,5
"2907","2013-12-16",16,7,9,4,3,4,5
"2908","2013-12-17",26,10,16,6,4,6,10
"2909","2013-12-18",21,9,12,6,3,5,7
"2910","2013-12-19",21,6,15,1,5,10,5
"2911","2013-12-20",20,9,11,5,4,7,4
"2912","2013-12-21",22,10,12,6,4,7,5
"2913","2013-12-22",24,13,11,8,5,7,4
"2914","2013-12-23",23,12,11,5,7,6,5
"2915","2013-12-24",25,11,14,4,7,5,9
"2916","2013-12-25",30,13,17,10,3,10,7
"2917","2013-12-26",12,7,5,4,3,3,2
"2918","2013-12-27",27,10,17,5,5,7,10
"2919","2013-12-28",20,9,11,7,2,6,5
"2920","2013-12-29",16,13,3,7,6,1,2
"2921","2013-12-30",15,6,9,5,1,6,3
"2922","2013-12-31",26,9,17,6,3,6,11
"2923","2014-01-01",20,10,10,5,5,6,4
"2924","2014-01-02",24,13,11,6,7,3,8
"2925","2014-01-03",24,12,12,6,6,8,4
"2926","2014-01-04",23,8,15,3,5,10,5
"2927","2014-01-05",27,16,11,6,10,7,4
"2928","2014-01-06",15,5,10,2,3,7,3
"2929","2014-01-07",20,10,10,5,5,4,6
"2930","2014-01-08",24,9,15,3,6,11,4
"2931","2014-01-09",25,17,8,9,8,6,2
"2932","2014-01-10",21,8,13,5,3,6,7
"2933","2014-01-11",19,11,8,7,4,1,7
"2934","2014-01-12",20,11,9,4,7,3,6
"2935","2014-01-13",21,11,10,5,6,3,7
"2936","2014-01-14",19,11,8,8,3,7,1
"2937","2014-01-15",27,15,12,9,6,5,7
"2938","2014-01-16",21,9,12,4,5,7,5
"2939","2014-01-17",17,10,7,1,9,4,3
"2940","2014-01-18",21,11,10,4,7,7,3
"2941","2014-01-19",25,13,12,7,6,7,5
"2942","2014-01-20",22,6,16,3,3,11,5
"2943","2014-01-21",19,10,9,3,7,2,7
"2944","2014-01-22",18,9,9,2,7,6,3
"2945","2014-01-23",21,16,5,10,6,4,1
"2946","2014-01-24",21,11,10,3,8,4,6
"2947","2014-01-25",18,7,11,3,4,4,7
"2948","2014-01-26",22,8,14,4,4,9,5
"2949","2014-01-27",19,11,8,9,2,4,4
"2950","2014-01-28",17,6,11,5,1,6,5
"2951","2014-01-29",30,14,16,4,10,7,9
"2952","2014-01-30",19,11,8,5,6,5,3
"2953","2014-01-31",23,11,12,5,6,8,4
"2954","2014-02-01",22,7,15,5,2,8,7
"2955","2014-02-02",21,9,12,5,4,7,5
"2956","2014-02-03",22,10,12,3,7,9,3
"2957","2014-02-04",24,13,11,9,4,7,4
"2958","2014-02-05",24,11,13,5,6,3,10
"2959","2014-02-06",24,15,9,9,6,5,4
"2960","2014-02-07",19,13,6,10,3,5,1
"2961","2014-02-08",26,11,15,4,7,5,10
"2962","2014-02-09",28,9,19,6,3,10,9
"2963","2014-02-10",20,8,12,4,4,7,5
"2964","2014-02-11",30,17,13,9,8,4,9
"2965","2014-02-12",16,9,7,5,4,3,4
"2966","2014-02-13",22,8,14,3,5,6,8
"2967","2014-02-14",23,11,12,6,5,6,6
"2968","2014-02-15",23,9,14,5,4,4,10
"2969","2014-02-16",17,11,6,5,6,3,3
"2970","2014-02-17",15,13,2,5,8,2,0
"2971","2014-02-18",20,12,8,8,4,2,6
"2972","2014-02-19",20,9,11,7,2,3,8
"2973","2014-02-20",21,12,9,9,3,5,4
"2974","2014-02-21",26,14,12,6,8,7,5
"2975","2014-02-22",21,16,5,5,11,5,0
"2976","2014-02-23",22,9,13,3,6,10,3
"2977","2014-02-24",23,9,14,4,5,7,7
"2978","2014-02-25",14,4,10,1,3,5,5
"2979","2014-02-26",24,12,12,6,6,4,8
"2980","2014-02-27",15,8,7,5,3,4,3
"2981","2014-02-28",16,13,3,4,9,3,0
"2982","2014-03-01",19,8,11,5,3,7,4
"2983","2014-03-02",17,6,11,2,4,5,6
"2984","2014-03-03",18,15,3,8,7,0,3
"2985","2014-03-04",22,10,12,5,5,9,3
"2986","2014-03-05",28,11,17,4,7,13,4
"2987","2014-03-06",15,5,10,2,3,5,5
"2988","2014-03-07",30,15,15,9,6,6,9
"2989","2014-03-08",22,10,12,3,7,7,5
"2990","2014-03-09",16,6,10,3,3,3,7
"2991","2014-03-10",15,7,8,3,4,6,2
"2992","2014-03-11",29,12,17,5,7,11,6
"2993","2014-03-12",27,10,17,2,8,10,7
"2994","2014-03-13",23,13,10,7,6,5,5
"2995","2014-03-14",29,18,11,13,5,5,6
"2996","2014-03-15",22,9,13,4,5,7,6
"2997","2014-03-16",22,12,10,6,6,2,8
"2998","2014-03-17",21,16,5,8,8,2,3
"2999","2014-03-18",17,12,5,6,6,3,2
"3000","2014-03-19",20,14,6,6,8,3,3
"3001","2014-03-20",23,11,12,6,5,4,8
"3002","2014-03-21",18,11,7,5,6,7,0
"3003","2014-03-22",18,9,9,2,7,5,4
"3004","2014-03-23",17,4,13,1,3,6,7
"3005","2014-03-24",19,8,11,4,4,4,7
"3006","2014-03-25",24,16,8,12,4,5,3
"3007","2014-03-26",21,7,14,4,3,9,5
"3008","2014-03-27",15,7,8,2,5,3,5
"3009","2014-03-28",20,10,10,5,5,4,6
"3010","2014-03-29",16,8,8,2,6,2,6
"3011","2014-03-30",30,24,6,13,11,5,1
"3012","2014-03-31",28,13,15,7,6,10,5
"3013","2014-04-01",11,5,6,2,3,5,1
"3014","2014-04-02",18,7,11,6,1,3,8
"3015","2014-04-03",29,15,14,4,11,4,10
"3016","2014-04-04",19,8,11,3,5,6,5
"3017","2014-04-05",24,10,14,4,6,7,7
"3018","2014-04-06",23,12,11,5,7,7,4
"3019","2014-04-07",24,13,11,6,7,4,7
"3020","2014-04-08",27,14,13,3,11,8,5
"3021","2014-04-09",17,5,12,1,4,6,6
"3022","2014-04-10",17,12,5,5,7,3,2
"3023","2014-04-11",17,9,8,3,6,7,1
"3024","2014-04-12",20,6,14,3,3,8,6
"3025","2014-04-13",27,14,13,7,7,7,6
"3026","2014-04-14",18,6,12,4,2,8,4
"3027","2014-04-15",16,10,6,6,4,3,3
"3028","2014-04-16",26,11,15,2,9,7,8
"3029","2014-04-17",28,16,12,4,12,3,9
"3030","2014-04-18",18,8,10,4,4,4,6
"3031","2014-04-19",16,7,9,4,3,7,2
"3032","2014-04-20",20,13,7,5,8,4,3
"3033","2014-04-21",26,15,11,7,8,7,4
"3034","2014-04-22",22,13,9,4,9,6,3
"3035","2014-04-23",20,9,11,4,5,6,5
"3036","2014-04-24",26,18,8,8,10,5,3
"3037","2014-04-25",19,7,12,7,0,6,6
"3038","2014-04-26",21,13,8,8,5,6,2
"3039","2014-04-27",26,19,7,9,10,3,4
"3040","2014-04-28",21,9,12,5,4,4,8
"3041","2014-04-29",18,9,9,6,3,4,5
"3042","2014-04-30",24,12,12,4,8,5,7
"3043","2014-05-01",22,12,10,6,6,6,4
"3044","2014-05-02",19,7,12,2,5,8,4
"3045","2014-05-03",17,8,9,2,6,2,7
"3046","2014-05-04",34,18,16,8,10,8,8
"3047","2014-05-05",24,13,11,3,10,6,5
"3048","2014-05-06",19,8,11,3,5,8,3
"3049","2014-05-07",23,12,11,7,5,6,5
"3050","2014-05-08",22,11,11,4,7,6,5
"3051","2014-05-09",18,9,9,3,6,3,6
"3052","2014-05-10",19,7,12,2,5,7,5
"3053","2014-05-11",26,15,11,5,10,3,8
"3054","2014-05-12",17,12,5,8,4,2,3
"3055","2014-05-13",17,9,8,5,4,2,6
"3056","2014-05-14",12,7,5,3,4,3,2
"3057","2014-05-15",18,13,5,6,7,0,5
"3058","2014-05-16",17,7,10,4,3,5,5
"3059","2014-05-17",14,7,7,2,5,1,6
"3060","2014-05-18",28,16,12,3,13,5,7
"3061","2014-05-19",21,12,9,8,4,4,5
"3062","2014-05-20",13,5,8,2,3,3,5
"3063","2014-05-21",16,12,4,4,8,3,1
"3064","2014-05-22",16,12,4,5,7,3,1
"3065","2014-05-23",16,7,9,4,3,7,2
"3066","2014-05-24",18,8,10,4,4,6,4
"3067","2014-05-25",21,10,11,7,3,4,7
"3068","2014-05-26",23,13,10,4,9,7,3
"3069","2014-05-27",16,9,7,5,4,4,3
"3070","2014-05-28",23,14,9,6,8,6,3
"3071","2014-05-29",19,10,9,6,4,4,5
"3072","2014-05-30",21,9,12,5,4,8,4
"3073","2014-05-31",13,5,8,3,2,3,5
"3074","2014-06-01",22,10,12,7,3,8,4
"3075","2014-06-02",17,7,10,5,2,9,1
"3076","2014-06-03",27,17,10,11,6,5,5
"3077","2014-06-04",20,8,12,3,5,4,8
"3078","2014-06-05",24,10,14,5,5,6,8
"3079","2014-06-06",22,11,11,5,6,5,6
"3080","2014-06-07",18,11,7,4,7,4,3
"3081","2014-06-08",19,9,10,5,4,4,6
"3082","2014-06-09",18,9,9,6,3,5,4
"3083","2014-06-10",24,8,16,4,4,10,6
"3084","2014-06-11",22,12,10,8,4,6,4
"3085","2014-06-12",29,13,16,8,5,10,6
"3086","2014-06-13",21,9,12,7,2,7,5
"3087","2014-06-14",22,10,12,4,6,6,6
"3088","2014-06-15",19,12,7,5,7,2,5
"3089","2014-06-16",17,12,5,8,4,2,3
"3090","2014-06-17",17,5,12,2,3,6,6
"3091","2014-06-18",26,16,10,6,10,6,4
"3092","2014-06-19",20,10,10,7,3,6,4
"3093","2014-06-20",15,6,9,2,4,3,6
"3094","2014-06-21",26,9,17,5,4,7,10
"3095","2014-06-22",25,17,8,11,6,1,7
"3096","2014-06-23",15,8,7,5,3,3,4
"3097","2014-06-24",21,10,11,8,2,5,6
"3098","2014-06-25",31,20,11,9,11,4,7
"3099","2014-06-26",28,17,11,7,10,5,6
"3100","2014-06-27",24,11,13,3,8,4,9
"3101","2014-06-28",23,8,15,4,4,7,8
"3102","2014-06-29",21,9,12,5,4,5,7
"3103","2014-06-30",19,10,9,4,6,4,5
"3104","2014-07-01",22,10,12,5,5,3,9
"3105","2014-07-02",20,8,12,4,4,6,6
"3106","2014-07-03",22,13,9,6,7,6,3
"3107","2014-07-04",21,13,8,6,7,6,2
"3108","2014-07-05",20,7,13,4,3,5,8
"3109","2014-07-06",18,5,13,5,0,6,7
"3110","2014-07-07",27,13,14,6,7,4,10
"3111","2014-07-08",15,7,8,5,2,7,1
"3112","2014-07-09",24,14,10,7,7,2,8
"3113","2014-07-10",28,17,11,8,9,8,3
"3114","2014-07-11",23,11,12,6,5,8,4
"3115","2014-07-12",20,16,4,6,10,3,1
"3116","2014-07-13",15,5,10,3,2,2,8
"3117","2014-07-14",24,14,10,7,7,5,5
"3118","2014-07-15",29,13,16,5,8,10,6
"3119","2014-07-16",18,5,13,1,4,4,9
"3120","2014-07-17",18,10,8,4,6,2,6
"3121","2014-07-18",25,14,11,7,7,5,6
"3122","2014-07-19",18,7,11,4,3,7,4
"3123","2014-07-20",19,10,9,3,7,4,5
"3124","2014-07-21",14,8,6,2,6,4,2
"3125","2014-07-22",23,10,13,7,3,6,7
"3126","2014-07-23",22,10,12,7,3,8,4
"3127","2014-07-24",31,15,16,8,7,7,9
"3128","2014-07-25",18,10,8,5,5,4,4
"3129","2014-07-26",22,11,11,7,4,3,8
"3130","2014-07-27",23,9,14,5,4,11,3
"3131","2014-07-28",17,9,8,6,3,3,5
"3132","2014-07-29",26,13,13,7,6,7,6
"3133","2014-07-30",26,13,13,9,4,9,4
"3134","2014-07-31",20,9,11,7,2,8,3
"3135","2014-08-01",20,12,8,7,5,4,4
"3136","2014-08-02",24,12,12,7,5,4,8
"3137","2014-08-03",20,8,12,4,4,5,7
"3138","2014-08-04",20,14,6,6,8,3,3
"3139","2014-08-05",26,11,15,8,3,6,9
"3140","2014-08-06",23,12,11,9,3,4,7
"3141","2014-08-07",21,11,10,6,5,6,4
"3142","2014-08-08",22,12,10,8,4,5,5
"3143","2014-08-09",20,10,10,3,7,6,4
"3144","2014-08-10",18,7,11,2,5,5,6
"3145","2014-08-11",15,9,6,7,2,2,4
"3146","2014-08-12",29,11,18,5,6,11,7
"3147","2014-08-13",28,18,10,10,8,5,5
"3148","2014-08-14",20,8,12,4,4,5,7
"3149","2014-08-15",22,10,12,6,4,8,4
"3150","2014-08-16",23,10,13,3,7,7,6
"3151","2014-08-17",18,10,8,7,3,3,5
"3152","2014-08-18",30,12,18,8,4,11,7
"3153","2014-08-19",21,11,10,5,6,4,6
"3154","2014-08-20",18,7,11,3,4,6,5
"3155","2014-08-21",24,14,10,4,10,7,3
"3156","2014-08-22",15,7,8,4,3,3,5
"3157","2014-08-23",18,8,10,3,5,7,3
"3158","2014-08-24",14,8,6,4,4,4,2
"3159","2014-08-25",24,16,8,6,10,5,3
"3160","2014-08-26",30,16,14,11,5,6,8
"3161","2014-08-27",24,11,13,8,3,4,9
"3162","2014-08-28",18,8,10,6,2,6,4
"3163","2014-08-29",20,10,10,6,4,5,5
"3164","2014-08-30",21,15,6,7,8,5,1
"3165","2014-08-31",14,7,7,3,4,1,6
"3166","2014-09-01",20,10,10,8,2,8,2
"3167","2014-09-02",22,13,9,6,7,3,6
"3168","2014-09-03",20,13,7,4,9,3,4
"3169","2014-09-04",24,9,15,7,2,10,5
"3170","2014-09-05",15,9,6,4,5,2,4
"3171","2014-09-06",26,13,13,4,9,4,9
"3172","2014-09-07",23,11,12,7,4,6,6
"3173","2014-09-08",26,14,12,6,8,5,7
"3174","2014-09-09",22,15,7,5,10,1,6
"3175","2014-09-10",20,11,9,6,5,7,2
"3176","2014-09-11",28,15,13,8,7,7,6
"3177","2014-09-12",23,15,8,10,5,4,4
"3178","2014-09-13",16,4,12,1,3,5,7
"3179","2014-09-14",28,11,17,6,5,10,7
"3180","2014-09-15",18,12,6,4,8,5,1
"3181","2014-09-16",20,10,10,5,5,4,6
"3182","2014-09-17",29,17,12,6,11,8,4
"3183","2014-09-18",21,10,11,3,7,5,6
"3184","2014-09-19",27,13,14,8,5,8,6
"3185","2014-09-20",29,15,14,4,11,7,7
"3186","2014-09-21",27,15,12,9,6,3,9
"3187","2014-09-22",25,12,13,3,9,7,6
"3188","2014-09-23",12,8,4,1,7,1,3
"3189","2014-09-24",20,12,8,6,6,3,5
"3190","2014-09-25",18,9,9,5,4,4,5
"3191","2014-09-26",19,8,11,3,5,3,8
"3192","2014-09-27",25,16,9,8,8,4,5
"3193","2014-09-28",19,10,9,4,6,2,7
"3194","2014-09-29",16,6,10,5,1,5,5
"3195","2014-09-30",20,9,11,2,7,5,6
"3196","2014-10-01",23,10,13,6,4,6,7
"3197","2014-10-02",18,6,12,3,3,4,8
"3198","2014-10-03",23,12,11,6,6,6,5
"3199","2014-10-04",27,12,15,7,5,6,9
"3200","2014-10-05",21,12,9,8,4,2,7
"3201","2014-10-06",21,13,8,5,8,4,4
"3202","2014-10-07",23,8,15,4,4,4,11
"3203","2014-10-08",21,9,12,3,6,7,5
"3204","2014-10-09",26,14,12,5,9,6,6
"3205","2014-10-10",20,12,8,6,6,4,4
"3206","2014-10-11",25,12,13,4,8,5,8
"3207","2014-10-12",17,8,9,0,8,7,2
"3208","2014-10-13",19,13,6,8,5,3,3
"3209","2014-10-14",16,7,9,3,4,5,4
"3210","2014-10-15",14,9,5,4,5,3,2
"3211","2014-10-16",17,10,7,7,3,2,5
"3212","2014-10-17",29,14,15,7,7,7,8
"3213","2014-10-18",21,7,14,4,3,7,7
"3214","2014-10-19",24,10,14,3,7,8,6
"3215","2014-10-20",18,9,9,0,9,2,7
"3216","2014-10-21",27,15,12,10,5,6,6
"3217","2014-10-22",22,11,11,6,5,6,5
"3218","2014-10-23",29,14,15,5,9,8,7
"3219","2014-10-24",21,9,12,4,5,6,6
"3220","2014-10-25",28,14,14,2,12,7,7
"3221","2014-10-26",31,16,15,12,4,6,9
"3222","2014-10-27",23,9,14,7,2,9,5
"3223","2014-10-28",24,15,9,8,7,3,6
"3224","2014-10-29",24,13,11,7,6,5,6
"3225","2014-10-30",18,10,8,1,9,4,4
"3226","2014-10-31",20,9,11,5,4,8,3
"3227","2014-11-01",23,5,18,1,4,7,11
"3228","2014-11-02",21,7,14,4,3,6,8
"3229","2014-11-03",21,9,12,5,4,7,5
"3230","2014-11-04",22,9,13,2,7,5,8
"3231","2014-11-05",23,5,18,3,2,14,4
"3232","2014-11-06",30,22,8,8,14,3,5
"3233","2014-11-07",28,14,14,9,5,8,6
"3234","2014-11-08",15,8,7,5,3,4,3
"3235","2014-11-09",22,8,14,3,5,9,5
"3236","2014-11-10",10,4,6,3,1,2,4
"3237","2014-11-11",24,13,11,4,9,3,8
"3238","2014-11-12",20,8,12,4,4,5,7
"3239","2014-11-13",23,10,13,6,4,6,7
"3240","2014-11-14",12,5,7,1,4,5,2
"3241","2014-11-15",21,12,9,9,3,3,6
"3242","2014-11-16",17,8,9,4,4,7,2
"3243","2014-11-17",16,6,10,2,4,6,4
"3244","2014-11-18",15,9,6,5,4,3,3
"3245","2014-11-19",14,5,9,3,2,6,3
"3246","2014-11-20",20,10,10,5,5,6,4
"3247","2014-11-21",19,6,13,3,3,5,8
"3248","2014-11-22",17,8,9,4,4,4,5
"3249","2014-11-23",22,11,11,6,5,7,4
"3250","2014-11-24",17,10,7,6,4,3,4
"3251","2014-11-25",23,9,14,6,3,7,7
"3252","2014-11-26",21,12,9,2,10,5,4
"3253","2014-11-27",25,14,11,7,7,5,6
"3254","2014-11-28",20,10,10,6,4,6,4
"3255","2014-11-29",17,10,7,5,5,4,3
"3256","2014-11-30",21,13,8,5,8,6,2
"3257","2014-12-01",25,13,12,6,7,7,5
"3258","2014-12-02",16,8,8,3,5,3,5
"3259","2014-12-03",15,6,9,3,3,4,5
"3260","2014-12-04",18,6,12,4,2,6,6
"3261","2014-12-05",29,14,15,7,7,5,10
"3262","2014-12-06",16,8,8,4,4,4,4
"3263","2014-12-07",18,5,13,3,2,6,7
"3264","2014-12-08",18,11,7,8,3,3,4
"3265","2014-12-09",24,11,13,7,4,7,6
"3266","2014-12-10",13,6,7,2,4,4,3
"3267","2014-12-11",22,12,10,8,4,6,4
"3268","2014-12-12",22,13,9,5,8,6,3
"3269","2014-12-13",21,12,9,8,4,6,3
"3270","2014-12-14",23,7,16,1,6,8,8
"3271","2014-12-15",18,9,9,6,3,4,5
"3272","2014-12-16",22,4,18,1,3,10,8
"3273","2014-12-17",11,5,6,1,4,3,3
"3274","2014-12-18",24,7,17,3,4,9,8
"3275","2014-12-19",22,10,12,7,3,5,7
"3276","2014-12-20",22,11,11,8,3,6,5
"3277","2014-12-21",20,10,10,3,7,5,5
"3278","2014-12-22",32,20,12,8,12,2,10
"3279","2014-12-23",19,14,5,5,9,2,3
"3280","2014-12-24",14,8,6,6,2,1,5
"3281","2014-12-25",28,12,16,5,7,13,3
"3282","2014-12-26",16,8,8,6,2,7,1
"3283","2014-12-27",18,9,9,6,3,7,2
"3284","2014-12-28",18,11,7,6,5,5,2
"3285","2014-12-29",22,10,12,6,4,4,8
"3286","2014-12-30",18,9,9,6,3,5,4
"3287","2014-12-31",19,8,11,4,4,4,7
"3288","2015-01-01",24,10,14,5,5,9,5
"3289","2015-01-02",20,13,7,4,9,3,4
"3290","2015-01-03",13,7,6,6,1,3,3
"3291","2015-01-04",20,9,11,2,7,6,5
"3292","2015-01-05",24,15,9,6,9,7,2
"3293","2015-01-06",21,12,9,7,5,4,5
"3294","2015-01-07",21,9,12,3,6,6,6
"3295","2015-01-08",23,10,13,5,5,8,5
"3296","2015-01-09",16,5,11,3,2,8,3
"3297","2015-01-10",18,8,10,4,4,6,4
"3298","2015-01-11",25,13,12,6,7,5,7
"3299","2015-01-12",17,8,9,3,5,6,3
"3300","2015-01-13",18,7,11,3,4,5,6
"3301","2015-01-14",33,22,11,8,14,5,6
"3302","2015-01-15",20,7,13,4,3,7,6
"3303","2015-01-16",22,11,11,6,5,5,6
"3304","2015-01-17",20,11,9,4,7,7,2
"3305","2015-01-18",14,5,9,4,1,3,6
"3306","2015-01-19",21,11,10,4,7,4,6
"3307","2015-01-20",25,13,12,7,6,7,5
"3308","2015-01-21",22,12,10,7,5,5,5
"3309","2015-01-22",25,9,16,5,4,9,7
"3310","2015-01-23",30,17,13,14,3,6,7
"3311","2015-01-24",26,14,12,6,8,6,6
"3312","2015-01-25",21,13,8,6,7,5,3
"3313","2015-01-26",22,9,13,6,3,8,5
"3314","2015-01-27",15,7,8,2,5,5,3
"3315","2015-01-28",24,6,18,5,1,8,10
"3316","2015-01-29",29,16,13,6,10,6,7
"3317","2015-01-30",23,11,12,5,6,9,3
"3318","2015-01-31",19,6,13,2,4,6,7
"3319","2015-02-01",22,12,10,4,8,6,4
"3320","2015-02-02",15,7,8,4,3,6,2
"3321","2015-02-03",19,6,13,3,3,8,5
"3322","2015-02-04",21,13,8,7,6,3,5
"3323","2015-02-05",18,13,5,6,7,3,2
"3324","2015-02-06",21,10,11,7,3,8,3
"3325","2015-02-07",22,16,6,9,7,2,4
"3326","2015-02-08",18,11,7,6,5,4,3
"3327","2015-02-09",27,10,17,4,6,5,12
"3328","2015-02-10",22,15,7,4,11,4,3
"3329","2015-02-11",22,15,7,9,6,5,2
"3330","2015-02-12",17,11,6,4,7,1,5
"3331","2015-02-13",26,14,12,7,7,6,6
"3332","2015-02-14",29,16,13,8,8,7,6
"3333","2015-02-15",29,12,17,4,8,10,7
"3334","2015-02-16",24,12,12,7,5,7,5
"3335","2015-02-17",26,15,11,7,8,6,5
"3336","2015-02-18",22,11,11,7,4,4,7
"3337","2015-02-19",21,10,11,5,5,3,8
"3338","2015-02-20",32,18,14,9,9,6,8
"3339","2015-02-21",27,9,18,5,4,8,10
"3340","2015-02-22",21,7,14,4,3,6,8
"3341","2015-02-23",17,8,9,3,5,4,5
"3342","2015-02-24",20,9,11,3,6,6,5
"3343","2015-02-25",25,12,13,2,10,11,2
"3344","2015-02-26",21,12,9,4,8,5,4
"3345","2015-02-27",25,8,17,7,1,8,9
"3346","2015-02-28",25,12,13,6,6,6,7
"3347","2015-03-01",24,15,9,8,7,6,3
"3348","2015-03-02",28,14,14,7,7,10,4
"3349","2015-03-03",32,14,18,9,5,5,13
"3350","2015-03-04",23,12,11,8,4,5,6
"3351","2015-03-05",23,16,7,6,10,6,1
"3352","2015-03-06",15,6,9,4,2,4,5
"3353","2015-03-07",21,11,10,7,4,8,2
"3354","2015-03-08",29,12,17,6,6,10,7
"3355","2015-03-09",20,10,10,6,4,6,4
"3356","2015-03-10",27,15,12,6,9,8,4
"3357","2015-03-11",24,11,13,5,6,10,3
"3358","2015-03-12",21,14,7,7,7,6,1
"3359","2015-03-13",18,9,9,4,5,5,4
"3360","2015-03-14",24,11,13,5,6,8,5
"3361","2015-03-15",21,14,7,6,8,3,4
"3362","2015-03-16",25,17,8,7,10,4,4
"3363","2015-03-17",30,14,16,8,6,4,12
"3364","2015-03-18",24,14,10,8,6,6,4
"3365","2015-03-19",31,12,19,8,4,10,9
"3366","2015-03-20",24,15,9,7,8,5,4
"3367","2015-03-21",19,11,8,6,5,5,3
"3368","2015-03-22",26,15,11,6,9,5,6
"3369","2015-03-23",20,8,12,3,5,10,2
"3370","2015-03-24",20,9,11,9,0,7,4
"3371","2015-03-25",20,11,9,6,5,4,5
"3372","2015-03-26",21,7,14,2,5,7,7
"3373","2015-03-27",24,12,12,6,6,8,4
"3374","2015-03-28",30,17,13,9,8,6,7
"3375","2015-03-29",24,10,14,3,7,6,8
"3376","2015-03-30",21,13,8,7,6,2,6
"3377","2015-03-31",21,8,13,3,5,3,10
"3378","2015-04-01",21,15,6,8,7,3,3
"3379","2015-04-02",21,13,8,8,5,4,4
"3380","2015-04-03",19,10,9,5,5,7,2
"3381","2015-04-04",15,8,7,3,5,5,2
"3382","2015-04-05",23,9,14,6,3,8,6
"3383","2015-04-06",16,6,10,4,2,3,7
"3384","2015-04-07",21,12,9,5,7,7,2
"3385","2015-04-08",23,10,13,7,3,6,7
"3386","2015-04-09",31,15,16,9,6,10,6
"3387","2015-04-10",37,20,17,9,11,9,8
"3388","2015-04-11",17,8,9,2,6,5,4
"3389","2015-04-12",23,6,17,3,3,11,6
"3390","2015-04-13",22,11,11,3,8,6,5
"3391","2015-04-14",17,8,9,2,6,4,5
"3392","2015-04-15",26,13,13,4,9,6,7
"3393","2015-04-16",18,12,6,3,9,1,5
"3394","2015-04-17",21,13,8,8,5,6,2
"3395","2015-04-18",19,12,7,9,3,3,4
"3396","2015-04-19",17,5,12,4,1,7,5
"3397","2015-04-20",14,9,5,6,3,2,3
"3398","2015-04-21",22,12,10,7,5,4,6
"3399","2015-04-22",26,15,11,9,6,5,6
"3400","2015-04-23",20,10,10,2,8,3,7
"3401","2015-04-24",8,5,3,0,5,0,3
"3402","2015-04-25",21,12,9,2,10,6,3
"3403","2015-04-26",22,14,8,6,8,3,5
"3404","2015-04-27",25,14,11,6,8,5,6
"3405","2015-04-28",18,9,9,3,6,6,3
"3406","2015-04-29",22,13,9,7,6,4,5
"3407","2015-04-30",21,12,9,5,7,4,5
"3408","2015-05-01",25,10,15,5,5,7,8
"3409","2015-05-02",20,10,10,3,7,6,4
"3410","2015-05-03",21,8,13,2,6,5,8
"3411","2015-05-04",15,5,10,1,4,4,6
"3412","2015-05-05",23,13,10,9,4,5,5
"3413","2015-05-06",22,11,11,7,4,5,6
"3414","2015-05-07",27,12,15,8,4,7,8
"3415","2015-05-08",15,9,6,3,6,1,5
"3416","2015-05-09",18,7,11,3,4,5,6
"3417","2015-05-10",14,8,6,3,5,4,2
"3418","2015-05-11",22,10,12,5,5,3,9
"3419","2015-05-12",22,9,13,7,2,6,7
"3420","2015-05-13",29,16,13,9,7,5,8
"3421","2015-05-14",17,6,11,4,2,5,6
"3422","2015-05-15",22,13,9,5,8,4,5
"3423","2015-05-16",16,10,6,2,8,4,2
"3424","2015-05-17",18,7,11,5,2,4,7
"3425","2015-05-18",15,4,11,3,1,7,4
"3426","2015-05-19",22,5,17,1,4,10,7
"3427","2015-05-20",22,14,8,7,7,4,4
"3428","2015-05-21",30,15,15,5,10,8,7
"3429","2015-05-22",26,15,11,8,7,6,5
"3430","2015-05-23",26,10,16,6,4,8,8
"3431","2015-05-24",21,14,7,5,9,5,2
"3432","2015-05-25",25,15,10,7,8,5,5
"3433","2015-05-26",17,10,7,6,4,4,3
"3434","2015-05-27",22,7,15,2,5,3,12
"3435","2015-05-28",26,15,11,5,10,6,5
"3436","2015-05-29",20,8,12,3,5,5,7
"3437","2015-05-30",23,14,9,8,6,4,5
"3438","2015-05-31",24,7,17,4,3,9,8
"3439","2015-06-01",22,13,9,5,8,2,7
"3440","2015-06-02",29,15,14,8,7,6,8
"3441","2015-06-03",19,12,7,5,7,5,2
"3442","2015-06-04",29,15,14,9,6,10,4
"3443","2015-06-05",17,6,11,2,4,5,6
"3444","2015-06-06",21,9,12,6,3,5,7
"3445","2015-06-07",21,9,12,7,2,7,5
"3446","2015-06-08",22,14,8,9,5,3,5
"3447","2015-06-09",12,8,4,2,6,2,2
"3448","2015-06-10",24,12,12,8,4,4,8
"3449","2015-06-11",23,11,12,6,5,6,6
"3450","2015-06-12",21,10,11,3,7,4,7
"3451","2015-06-13",25,11,14,10,1,8,6
"3452","2015-06-14",16,9,7,3,6,1,6
"3453","2015-06-15",20,10,10,6,4,6,4
"3454","2015-06-16",23,9,14,5,4,7,7
"3455","2015-06-17",24,10,14,5,5,6,8
"3456","2015-06-18",22,5,17,3,2,6,11
"3457","2015-06-19",16,7,9,6,1,4,5
"3458","2015-06-20",23,15,8,8,7,4,4
"3459","2015-06-21",29,11,18,4,7,9,9
"3460","2015-06-22",24,12,12,5,7,9,3
"3461","2015-06-23",22,8,14,5,3,7,7
"3462","2015-06-24",22,12,10,6,6,4,6
"3463","2015-06-25",25,14,11,8,6,4,7
"3464","2015-06-26",34,18,16,8,10,6,10
"3465","2015-06-27",16,10,6,5,5,2,4
"3466","2015-06-28",19,9,10,4,5,5,5
"3467","2015-06-29",26,10,16,4,6,9,7
"3468","2015-06-30",20,7,13,4,3,7,6
"3469","2015-07-01",29,12,17,5,7,10,7
"3470","2015-07-02",15,9,6,6,3,3,3
"3471","2015-07-03",22,12,10,8,4,7,3
"3472","2015-07-04",21,13,8,6,7,2,6
"3473","2015-07-05",21,14,7,7,7,3,4
"3474","2015-07-06",29,14,15,3,11,8,7
"3475","2015-07-07",26,16,10,6,10,5,5
"3476","2015-07-08",27,13,14,5,8,5,9
"3477","2015-07-09",17,8,9,4,4,4,5
"3478","2015-07-10",10,5,5,3,2,3,2
"3479","2015-07-11",27,14,13,11,3,6,7
"3480","2015-07-12",26,8,18,5,3,11,7
"3481","2015-07-13",28,15,13,9,6,6,7
"3482","2015-07-14",20,8,12,3,5,7,5
"3483","2015-07-15",19,5,14,3,2,10,4
"3484","2015-07-16",18,8,10,4,4,7,3
"3485","2015-07-17",22,12,10,9,3,9,1
"3486","2015-07-18",20,7,13,6,1,6,7
"3487","2015-07-19",25,9,16,3,6,5,11
"3488","2015-07-20",21,6,15,4,2,8,7
"3489","2015-07-21",23,12,11,9,3,2,9
"3490","2015-07-22",14,10,4,7,3,2,2
"3491","2015-07-23",22,9,13,3,6,5,8
"3492","2015-07-24",21,6,15,3,3,7,8
"3493","2015-07-25",23,9,14,6,3,8,6
"3494","2015-07-26",27,19,8,7,12,4,4
"3495","2015-07-27",16,10,6,6,4,4,2
"3496","2015-07-28",10,6,4,3,3,2,2
"3497","2015-07-29",22,13,9,5,8,3,6
"3498","2015-07-30",19,11,8,6,5,3,5
"3499","2015-07-31",23,10,13,5,5,6,7
"3500","2015-08-01",24,15,9,11,4,7,2
"3501","2015-08-02",17,6,11,2,4,8,3
"3502","2015-08-03",17,9,8,5,4,1,7
"3503","2015-08-04",24,14,10,10,4,3,7
"3504","2015-08-05",17,8,9,2,6,3,6
"3505","2015-08-06",17,7,10,3,4,5,5
"3506","2015-08-07",19,11,8,5,6,5,3
"3507","2015-08-08",26,11,15,3,8,5,10
"3508","2015-08-09",21,8,13,4,4,4,9
"3509","2015-08-10",26,18,8,8,10,5,3
"3510","2015-08-11",27,15,12,6,9,6,6
"3511","2015-08-12",19,11,8,8,3,4,4
"3512","2015-08-13",24,14,10,9,5,5,5
"3513","2015-08-14",28,12,16,7,5,9,7
"3514","2015-08-15",26,15,11,9,6,5,6
"3515","2015-08-16",26,13,13,9,4,9,4
"3516","2015-08-17",20,13,7,6,7,4,3
"3517","2015-08-18",21,9,12,7,2,3,9
"3518","2015-08-19",19,9,10,3,6,7,3
"3519","2015-08-20",24,11,13,6,5,6,7
"3520","2015-08-21",26,16,10,11,5,5,5
"3521","2015-08-22",22,9,13,2,7,8,5
"3522","2015-08-23",25,15,10,6,9,7,3
"3523","2015-08-24",22,7,15,2,5,5,10
"3524","2015-08-25",22,13,9,4,9,3,6
"3525","2015-08-26",21,11,10,7,4,5,5
"3526","2015-08-27",27,16,11,14,2,3,8
"3527","2015-08-28",21,14,7,4,10,2,5
"3528","2015-08-29",23,15,8,7,8,3,5
"3529","2015-08-30",11,4,7,3,1,4,3
"3530","2015-08-31",29,15,14,7,8,11,3
"3531","2015-09-01",18,8,10,6,2,6,4
"3532","2015-09-02",20,6,14,3,3,5,9
"3533","2015-09-03",30,13,17,6,7,6,11
"3534","2015-09-04",14,7,7,3,4,5,2
"3535","2015-09-05",23,9,14,2,7,8,6
"3536","2015-09-06",21,9,12,4,5,5,7
"3537","2015-09-07",14,5,9,3,2,4,5
"3538","2015-09-08",16,10,6,5,5,2,4
"3539","2015-09-09",15,6,9,1,5,4,5
"3540","2015-09-10",21,14,7,4,10,2,5
"3541","2015-09-11",24,10,14,6,4,8,6
"3542","2015-09-12",20,9,11,3,6,7,4
"3543","2015-09-13",19,9,10,3,6,5,5
"3544","2015-09-14",17,7,10,3,4,4,6
"3545","2015-09-15",24,17,7,6,11,4,3
"3546","2015-09-16",17,8,9,5,3,3,6
"3547","2015-09-17",27,15,12,6,9,7,5
"3548","2015-09-18",27,16,11,8,8,6,5
"3549","2015-09-19",19,9,10,3,6,4,6
"3550","2015-09-20",18,12,6,4,8,3,3
"3551","2015-09-21",24,13,11,5,8,2,9
"3552","2015-09-22",21,13,8,7,6,5,3
"3553","2015-09-23",23,15,8,11,4,5,3
"3554","2015-09-24",26,16,10,10,6,7,3
"3555","2015-09-25",20,9,11,3,6,4,7
"3556","2015-09-26",15,5,10,4,1,2,8
"3557","2015-09-27",12,8,4,5,3,1,3
"3558","2015-09-28",19,10,9,4,6,4,5
"3559","2015-09-29",26,15,11,6,9,7,4
"3560","2015-09-30",23,11,12,7,4,7,5
"3561","2015-10-01",29,15,14,10,5,8,6
"3562","2015-10-02",23,12,11,5,7,5,6
"3563","2015-10-03",24,14,10,8,6,4,6
"3564","2015-10-04",26,10,16,3,7,9,7
"3565","2015-10-05",27,12,15,9,3,6,9
"3566","2015-10-06",21,12,9,2,10,6,3
"3567","2015-10-07",12,7,5,3,4,3,2
"3568","2015-10-08",13,8,5,5,3,2,3
"3569","2015-10-09",13,3,10,3,0,7,3
"3570","2015-10-10",26,12,14,3,9,6,8
"3571","2015-10-11",21,14,7,9,5,3,4
"3572","2015-10-12",16,7,9,4,3,6,3
"3573","2015-10-13",16,6,10,5,1,1,9
"3574","2015-10-14",18,9,9,6,3,3,6
"3575","2015-10-15",25,12,13,4,8,5,8
"3576","2015-10-16",19,10,9,7,3,4,5
"3577","2015-10-17",23,14,9,9,5,3,6
"3578","2015-10-18",20,15,5,3,12,4,1
"3579","2015-10-19",19,9,10,5,4,5,5
"3580","2015-10-20",26,17,9,7,10,3,6
"3581","2015-10-21",20,11,9,6,5,3,6
"3582","2015-10-22",22,12,10,4,8,0,10
"3583","2015-10-23",20,11,9,3,8,5,4
"3584","2015-10-24",19,6,13,1,5,9,4
"3585","2015-10-25",25,17,8,5,12,6,2
"3586","2015-10-26",28,12,16,6,6,7,9
"3587","2015-10-27",25,11,14,7,4,9,5
"3588","2015-10-28",18,9,9,4,5,4,5
"3589","2015-10-29",24,14,10,8,6,8,2
"3590","2015-10-30",17,15,2,12,3,2,0
"3591","2015-10-31",23,12,11,8,4,4,7
"3592","2015-11-01",34,19,15,5,14,6,9
"3593","2015-11-02",22,12,10,5,7,4,6
"3594","2015-11-03",19,13,6,5,8,3,3
"3595","2015-11-04",16,10,6,3,7,4,2
"3596","2015-11-05",23,11,12,6,5,8,4
"3597","2015-11-06",24,16,8,8,8,4,4
"3598","2015-11-07",26,14,12,7,7,7,5
"3599","2015-11-08",16,4,12,3,1,4,8
"3600","2015-11-09",17,8,9,4,4,3,6
"3601","2015-11-10",26,12,14,5,7,8,6
"3602","2015-11-11",17,8,9,5,3,5,4
"3603","2015-11-12",19,11,8,7,4,5,3
"3604","2015-11-13",20,9,11,4,5,4,7
"3605","2015-11-14",29,10,19,5,5,9,10
"3606","2015-11-15",19,7,12,2,5,5,7
"3607","2015-11-16",17,10,7,4,6,2,5
"3608","2015-11-17",13,6,7,3,3,3,4
"3609","2015-11-18",23,8,15,6,2,9,6
"3610","2015-11-19",16,11,5,5,6,1,4
"3611","2015-11-20",24,10,14,8,2,5,9
"3612","2015-11-21",22,14,8,5,9,4,4
"3613","2015-11-22",13,9,4,6,3,3,1
"3614","2015-11-23",13,4,9,4,0,6,3
"3615","2015-11-24",26,14,12,6,8,4,8
"3616","2015-11-25",28,20,8,10,10,3,5
"3617","2015-11-26",24,14,10,6,8,5,5
"3618","2015-11-27",20,10,10,4,6,4,6
"3619","2015-11-28",22,10,12,5,5,6,6
"3620","2015-11-29",30,14,16,3,11,7,9
"3621","2015-11-30",28,13,15,4,9,7,8
"3622","2015-12-01",22,12,10,7,5,4,6
"3623","2015-12-02",24,8,16,4,4,8,8
"3624","2015-12-03",23,14,9,8,6,7,2
"3625","2015-12-04",22,11,11,6,5,6,5
"3626","2015-12-05",18,9,9,4,5,3,6
"3627","2015-12-06",19,11,8,7,4,4,4
"3628","2015-12-07",11,6,5,4,2,2,3
"3629","2015-12-08",22,9,13,5,4,7,6
"3630","2015-12-09",22,13,9,7,6,3,6
"3631","2015-12-10",21,10,11,5,5,6,5
"3632","2015-12-11",23,11,12,9,2,6,6
"3633","2015-12-12",20,11,9,4,7,6,3
"3634","2015-12-13",30,14,16,10,4,6,10
"3635","2015-12-14",22,9,13,5,4,6,7
"3636","2015-12-15",22,11,11,6,5,2,9
"3637","2015-12-16",14,7,7,3,4,5,2
"3638","2015-12-17",26,15,11,3,12,5,6
"3639","2015-12-18",31,15,16,8,7,7,9
"3640","2015-12-19",28,12,16,1,11,9,7
"3641","2015-12-20",19,9,10,2,7,6,4
"3642","2015-12-21",9,7,2,2,5,2,0
"3643","2015-12-22",25,17,8,10,7,3,5
"3644","2015-12-23",24,14,10,6,8,5,5
"3645","2015-12-24",17,11,6,8,3,4,2
"3646","2015-12-25",14,6,8,3,3,4,4
"3647","2015-12-26",19,9,10,3,6,4,6
"3648","2015-12-27",24,15,9,9,6,4,5
"3649","2015-12-28",19,9,10,4,5,5,5
"3650","2015-12-29",24,12,12,6,6,6,6
"3651","2015-12-30",22,13,9,5,8,4,5
"3652","2015-12-31",19,9,10,2,7,4,6
"3653","2016-01-01",19,8,11,3,5,6,5
"3654","2016-01-02",18,8,10,4,4,8,2
"3655","2016-01-03",20,11,9,6,5,5,4
"3656","2016-01-04",20,9,11,5,4,7,4
"3657","2016-01-05",18,11,7,7,4,5,2
"3658","2016-01-06",22,12,10,8,4,4,6
"3659","2016-01-07",18,10,8,5,5,4,4
"3660","2016-01-08",27,16,11,10,6,5,6
"3661","2016-01-09",18,9,9,4,5,4,5
"3662","2016-01-10",30,17,13,11,6,11,2
"3663","2016-01-11",23,10,13,4,6,6,7
"3664","2016-01-12",20,13,7,7,6,2,5
"3665","2016-01-13",18,8,10,3,5,4,6
"3666","2016-01-14",16,11,5,7,4,3,2
"3667","2016-01-15",22,11,11,3,8,5,6
"3668","2016-01-16",19,14,5,5,9,3,2
"3669","2016-01-17",30,13,17,9,4,9,8
"3670","2016-01-18",21,12,9,6,6,5,4
"3671","2016-01-19",21,8,13,5,3,5,8
"3672","2016-01-20",16,6,10,4,2,5,5
"3673","2016-01-21",21,15,6,9,6,4,2
"3674","2016-01-22",26,13,13,9,4,7,6
"3675","2016-01-23",17,9,8,3,6,1,7
"3676","2016-01-24",26,13,13,5,8,10,3
"3677","2016-01-25",23,9,14,2,7,9,5
"3678","2016-01-26",21,7,14,3,4,7,7
"3679","2016-01-27",26,16,10,5,11,3,7
"3680","2016-01-28",13,7,6,4,3,3,3
"3681","2016-01-29",26,13,13,3,10,7,6
"3682","2016-01-30",17,10,7,4,6,5,2
"3683","2016-01-31",18,10,8,4,6,2,6
"3684","2016-02-01",27,10,17,3,7,11,6
"3685","2016-02-02",22,11,11,2,9,3,8
"3686","2016-02-03",22,13,9,6,7,4,5
"3687","2016-02-04",16,8,8,3,5,4,4
"3688","2016-02-05",19,10,9,5,5,4,5
"3689","2016-02-06",26,12,14,6,6,6,8
"3690","2016-02-07",25,17,8,11,6,5,3
"3691","2016-02-08",21,6,15,1,5,5,10
"3692","2016-02-09",22,10,12,7,3,6,6
"3693","2016-02-10",24,10,14,3,7,10,4
"3694","2016-02-11",22,11,11,4,7,2,9
"3695","2016-02-12",13,8,5,3,5,2,3
"3696","2016-02-13",19,10,9,6,4,2,7
"3697","2016-02-14",18,9,9,4,5,4,5
"3698","2016-02-15",32,18,14,6,12,7,7
"3699","2016-02-16",21,8,13,4,4,6,7
"3700","2016-02-17",24,14,10,6,8,6,4
"3701","2016-02-18",18,12,6,6,6,4,2
"3702","2016-02-19",13,8,5,4,4,2,3
"3703","2016-02-20",20,11,9,5,6,4,5
"3704","2016-02-21",18,9,9,4,5,7,2
"3705","2016-02-22",21,11,10,4,7,7,3
"3706","2016-02-23",23,15,8,5,10,5,3
"3707","2016-02-24",29,19,10,10,9,5,5
"3708","2016-02-25",16,11,5,9,2,3,2
"3709","2016-02-26",22,9,13,4,5,3,10
"3710","2016-02-27",16,12,4,6,6,1,3
"3711","2016-02-28",16,10,6,8,2,4,2
"3712","2016-02-29",24,13,11,8,5,6,5
"3713","2016-03-01",27,18,9,6,12,3,6
"3714","2016-03-02",19,8,11,3,5,6,5
"3715","2016-03-03",14,6,8,3,3,4,4
"3716","2016-03-04",19,10,9,5,5,6,3
"3717","2016-03-05",18,9,9,4,5,4,5
"3718","2016-03-06",11,4,7,3,1,4,3
"3719","2016-03-07",25,18,7,11,7,6,1
"3720","2016-03-08",24,11,13,6,5,6,7
"3721","2016-03-09",20,13,7,7,6,4,3
"3722","2016-03-10",25,14,11,9,5,5,6
"3723","2016-03-11",20,13,7,8,5,3,4
"3724","2016-03-12",32,18,14,12,6,6,8
"3725","2016-03-13",18,11,7,5,6,3,4
"3726","2016-03-14",18,12,6,9,3,2,4
"3727","2016-03-15",25,11,14,4,7,6,8
"3728","2016-03-16",12,5,7,3,2,3,4
"3729","2016-03-17",13,6,7,3,3,4,3
"3730","2016-03-18",14,5,9,2,3,6,3
"3731","2016-03-19",16,8,8,3,5,5,3
"3732","2016-03-20",23,14,9,4,10,3,6
"3733","2016-03-21",15,5,10,3,2,7,3
"3734","2016-03-22",27,15,12,8,7,7,5
"3735","2016-03-23",23,11,12,6,5,9,3
"3736","2016-03-24",19,10,9,5,5,5,4
"3737","2016-03-25",21,8,13,4,4,5,8
"3738","2016-03-26",24,14,10,5,9,4,6
"3739","2016-03-27",20,10,10,4,6,8,2
"3740","2016-03-28",22,10,12,2,8,6,6
"3741","2016-03-29",26,11,15,5,6,10,5
"3742","2016-03-30",24,9,15,4,5,5,10
"3743","2016-03-31",22,8,14,5,3,9,5
"3744","2016-04-01",18,8,10,5,3,5,5
"3745","2016-04-02",32,13,19,4,9,10,9
"3746","2016-04-03",21,12,9,4,8,4,5
"3747","2016-04-04",21,7,14,0,7,5,9
"3748","2016-04-05",25,12,13,4,8,6,7
"3749","2016-04-06",25,9,16,7,2,4,12
"3750","2016-04-07",16,12,4,3,9,2,2
"3751","2016-04-08",31,13,18,6,7,9,9
"3752","2016-04-09",15,9,6,8,1,3,3
"3753","2016-04-10",21,9,12,5,4,7,5
"3754","2016-04-11",15,9,6,6,3,3,3
"3755","2016-04-12",16,7,9,3,4,6,3
"3756","2016-04-13",20,10,10,5,5,3,7
"3757","2016-04-14",29,15,14,10,5,10,4
"3758","2016-04-15",21,9,12,6,3,6,6
"3759","2016-04-16",22,8,14,6,2,8,6
"3760","2016-04-17",28,20,8,16,4,3,5
"3761","2016-04-18",18,10,8,7,3,2,6
"3762","2016-04-19",22,12,10,8,4,3,7
"3763","2016-04-20",23,10,13,7,3,6,7
"3764","2016-04-21",26,16,10,10,6,4,6
"3765","2016-04-22",24,13,11,7,6,6,5
"3766","2016-04-23",14,7,7,5,2,5,2
"3767","2016-04-24",19,5,14,5,0,4,10
"3768","2016-04-25",16,4,12,1,3,3,9
"3769","2016-04-26",19,9,10,3,6,5,5
"3770","2016-04-27",23,15,8,7,8,5,3
"3771","2016-04-28",25,15,10,7,8,4,6
"3772","2016-04-29",15,8,7,4,4,2,5
"3773","2016-04-30",28,14,14,5,9,7,7
"3774","2016-05-01",15,7,8,4,3,3,5
"3775","2016-05-02",24,11,13,7,4,4,9
"3776","2016-05-03",28,12,16,5,7,10,6
"3777","2016-05-04",23,12,11,8,4,8,3
"3778","2016-05-05",17,10,7,7,3,3,4
"3779","2016-05-06",26,14,12,9,5,4,8
"3780","2016-05-07",29,11,18,6,5,9,9
"3781","2016-05-08",23,13,10,7,6,6,4
"3782","2016-05-09",23,10,13,5,5,4,9
"3783","2016-05-10",22,11,11,6,5,6,5
"3784","2016-05-11",17,8,9,3,5,6,3
"3785","2016-05-12",31,16,15,10,6,10,5
"3786","2016-05-13",19,13,6,5,8,2,4
"3787","2016-05-14",33,19,14,10,9,10,4
"3788","2016-05-15",22,11,11,4,7,6,5
"3789","2016-05-16",23,9,14,4,5,3,11
"3790","2016-05-17",26,17,9,6,11,6,3
"3791","2016-05-18",21,12,9,4,8,5,4
"3792","2016-05-19",19,10,9,7,3,5,4
"3793","2016-05-20",32,15,17,8,7,7,10
"3794","2016-05-21",20,11,9,4,7,6,3
"3795","2016-05-22",13,10,3,7,3,0,3
"3796","2016-05-23",20,9,11,9,0,9,2
"3797","2016-05-24",16,7,9,2,5,4,5
"3798","2016-05-25",18,7,11,6,1,6,5
"3799","2016-05-26",17,11,6,6,5,1,5
"3800","2016-05-27",15,8,7,3,5,3,4
"3801","2016-05-28",22,11,11,4,7,6,5
"3802","2016-05-29",17,10,7,4,6,2,5
"3803","2016-05-30",19,11,8,4,7,4,4
"3804","2016-05-31",22,12,10,6,6,2,8
"3805","2016-06-01",35,18,17,6,12,9,8
"3806","2016-06-02",24,14,10,9,5,6,4
"3807","2016-06-03",29,21,8,15,6,5,3
"3808","2016-06-04",23,11,12,4,7,8,4
"3809","2016-06-05",11,7,4,5,2,1,3
"3810","2016-06-06",27,13,14,7,6,6,8
"3811","2016-06-07",25,11,14,6,5,4,10
"3812","2016-06-08",17,9,8,6,3,4,4
"3813","2016-06-09",19,9,10,4,5,5,5
"3814","2016-06-10",19,10,9,6,4,5,4
"3815","2016-06-11",18,11,7,5,6,4,3
"3816","2016-06-12",17,9,8,4,5,4,4
"3817","2016-06-13",19,9,10,6,3,6,4
"3818","2016-06-14",19,10,9,7,3,5,4
"3819","2016-06-15",22,13,9,5,8,2,7
"3820","2016-06-16",24,10,14,2,8,11,3
"3821","2016-06-17",23,11,12,6,5,9,3
"3822","2016-06-18",18,11,7,6,5,5,2
"3823","2016-06-19",29,19,10,6,13,7,3
"3824","2016-06-20",17,7,10,5,2,3,7
"3825","2016-06-21",19,9,10,4,5,5,5
"3826","2016-06-22",17,7,10,5,2,7,3
"3827","2016-06-23",20,9,11,4,5,3,8
"3828","2016-06-24",23,12,11,9,3,5,6
"3829","2016-06-25",17,4,13,3,1,6,7
"3830","2016-06-26",17,4,13,1,3,4,9
"3831","2016-06-27",21,13,8,7,6,7,1
"3832","2016-06-28",21,11,10,6,5,6,4
"3833","2016-06-29",21,10,11,5,5,6,5
"3834","2016-06-30",19,9,10,8,1,5,5
"3835","2016-07-01",29,17,12,9,8,5,7
"3836","2016-07-02",28,16,12,12,4,7,5
"3837","2016-07-03",20,10,10,4,6,5,5
"3838","2016-07-04",24,9,15,3,6,7,8
"3839","2016-07-05",16,8,8,3,5,4,4
"3840","2016-07-06",25,14,11,4,10,3,8
"3841","2016-07-07",19,9,10,5,4,4,6
"3842","2016-07-08",13,8,5,6,2,2,3
"3843","2016-07-09",25,13,12,4,9,8,4
"3844","2016-07-10",22,9,13,6,3,7,6
"3845","2016-07-11",12,5,7,5,0,3,4
"3846","2016-07-12",20,6,14,3,3,8,6
"3847","2016-07-13",16,13,3,7,6,2,1
"3848","2016-07-14",25,14,11,5,9,6,5
"3849","2016-07-15",13,4,9,3,1,6,3
"3850","2016-07-16",22,14,8,6,8,4,4
"3851","2016-07-17",20,9,11,3,6,4,7
"3852","2016-07-18",13,6,7,3,3,2,5
"3853","2016-07-19",25,15,10,9,6,8,2
"3854","2016-07-20",27,11,16,3,8,5,11
"3855","2016-07-21",22,14,8,8,6,4,4
"3856","2016-07-22",23,9,14,7,2,5,9
"3857","2016-07-23",19,10,9,5,5,2,7
"3858","2016-07-24",19,9,10,5,4,6,4
"3859","2016-07-25",17,9,8,2,7,3,5
"3860","2016-07-26",16,8,8,5,3,6,2
"3861","2016-07-27",23,11,12,4,7,3,9
"3862","2016-07-28",22,10,12,5,5,7,5
"3863","2016-07-29",16,9,7,5,4,1,6
"3864","2016-07-30",29,12,17,6,6,8,9
"3865","2016-07-31",18,7,11,3,4,5,6
"3866","2016-08-01",25,9,16,6,3,6,10
"3867","2016-08-02",24,12,12,6,6,7,5
"3868","2016-08-03",16,4,12,3,1,8,4
"3869","2016-08-04",17,9,8,4,5,6,2
"3870","2016-08-05",17,12,5,4,8,0,5
"3871","2016-08-06",24,9,15,5,4,8,7
"3872","2016-08-07",23,13,10,9,4,4,6
"3873","2016-08-08",19,6,13,3,3,9,4
"3874","2016-08-09",21,7,14,3,4,3,11
"3875","2016-08-10",15,5,10,1,4,4,6
"3876","2016-08-11",22,8,14,3,5,8,6
"3877","2016-08-12",24,18,6,9,9,2,4
"3878","2016-08-13",21,12,9,9,3,5,4
"3879","2016-08-14",21,12,9,5,7,8,1
"3880","2016-08-15",20,7,13,2,5,7,6
"3881","2016-08-16",18,11,7,6,5,5,2
"3882","2016-08-17",17,9,8,6,3,1,7
"3883","2016-08-18",19,12,7,6,6,4,3
"3884","2016-08-19",25,14,11,9,5,5,6
"3885","2016-08-20",20,12,8,5,7,5,3
"3886","2016-08-21",25,16,9,10,6,6,3
"3887","2016-08-22",25,9,16,3,6,5,11
"3888","2016-08-23",29,16,13,6,10,10,3
"3889","2016-08-24",20,5,15,4,1,5,10
"3890","2016-08-25",22,10,12,4,6,5,7
"3891","2016-08-26",24,14,10,7,7,4,6
"3892","2016-08-27",13,8,5,4,4,3,2
"3893","2016-08-28",35,17,18,8,9,11,7
"3894","2016-08-29",29,11,18,5,6,10,8
"3895","2016-08-30",22,12,10,6,6,5,5
"3896","2016-08-31",29,17,12,12,5,5,7
"3897","2016-09-01",25,13,12,9,4,7,5
"3898","2016-09-02",21,12,9,8,4,4,5
"3899","2016-09-03",22,12,10,6,6,6,4
"3900","2016-09-04",22,10,12,5,5,3,9
"3901","2016-09-05",19,8,11,4,4,7,4
"3902","2016-09-06",19,9,10,7,2,5,5
"3903","2016-09-07",20,13,7,5,8,3,4
"3904","2016-09-08",16,10,6,2,8,5,1
"3905","2016-09-09",20,10,10,1,9,7,3
"3906","2016-09-10",15,3,12,1,2,7,5
"3907","2016-09-11",20,9,11,2,7,5,6
"3908","2016-09-12",23,11,12,9,2,7,5
"3909","2016-09-13",24,12,12,6,6,4,8
"3910","2016-09-14",15,7,8,5,2,4,4
"3911","2016-09-15",24,13,11,8,5,7,4
"3912","2016-09-16",30,12,18,7,5,6,12
"3913","2016-09-17",24,13,11,4,9,7,4
"3914","2016-09-18",22,17,5,8,9,4,1
"3915","2016-09-19",14,7,7,4,3,2,5
"3916","2016-09-20",18,8,10,2,6,5,5
"3917","2016-09-21",19,9,10,1,8,6,4
"3918","2016-09-22",16,11,5,7,4,3,2
"3919","2016-09-23",19,12,7,7,5,3,4
"3920","2016-09-24",26,16,10,7,9,6,4
"3921","2016-09-25",24,12,12,3,9,7,5
"3922","2016-09-26",27,12,15,6,6,9,6
"3923","2016-09-27",24,13,11,7,6,7,4
"3924","2016-09-28",24,13,11,6,7,8,3
"3925","2016-09-29",23,8,15,6,2,5,10
"3926","2016-09-30",18,10,8,7,3,4,4
"3927","2016-10-01",22,8,14,4,4,8,6
"3928","2016-10-02",23,13,10,8,5,3,7
"3929","2016-10-03",23,17,6,11,6,4,2
"3930","2016-10-04",17,8,9,3,5,2,7
"3931","2016-10-05",19,5,14,2,3,10,4
"3932","2016-10-06",21,12,9,4,8,3,6
"3933","2016-10-07",20,10,10,3,7,4,6
"3934","2016-10-08",21,8,13,3,5,6,7
"3935","2016-10-09",21,12,9,9,3,4,5
"3936","2016-10-10",21,12,9,4,8,3,6
"3937","2016-10-11",19,10,9,7,3,2,7
"3938","2016-10-12",26,12,14,7,5,12,2
"3939","2016-10-13",22,8,14,3,5,7,7
"3940","2016-10-14",20,12,8,8,4,4,4
"3941","2016-10-15",19,11,8,5,6,4,4
"3942","2016-10-16",23,9,14,5,4,4,10
"3943","2016-10-17",17,10,7,5,5,1,6
"3944","2016-10-18",17,8,9,4,4,8,1
"3945","2016-10-19",18,9,9,5,4,5,4
"3946","2016-10-20",11,8,3,4,4,1,2
"3947","2016-10-21",18,10,8,7,3,1,7
"3948","2016-10-22",19,13,6,6,7,2,4
"3949","2016-10-23",24,12,12,6,6,4,8
"3950","2016-10-24",21,15,6,9,6,3,3
"3951","2016-10-25",19,9,10,4,5,7,3
"3952","2016-10-26",25,12,13,6,6,5,8
"3953","2016-10-27",23,11,12,6,5,8,4
"3954","2016-10-28",11,3,8,3,0,6,2
"3955","2016-10-29",16,8,8,2,6,6,2
"3956","2016-10-30",27,17,10,6,11,5,5
"3957","2016-10-31",19,8,11,6,2,5,6
"3958","2016-11-01",21,7,14,0,7,6,8
"3959","2016-11-02",20,10,10,8,2,6,4
"3960","2016-11-03",30,17,13,9,8,10,3
"3961","2016-11-04",32,19,13,11,8,7,6
"3962","2016-11-05",15,7,8,4,3,5,3
"3963","2016-11-06",25,16,9,8,8,5,4
"3964","2016-11-07",18,10,8,2,8,3,5
"3965","2016-11-08",19,8,11,3,5,8,3
"3966","2016-11-09",20,7,13,2,5,7,6
"3967","2016-11-10",23,18,5,13,5,1,4
"3968","2016-11-11",30,12,18,7,5,9,9
"3969","2016-11-12",23,9,14,5,4,11,3
"3970","2016-11-13",17,6,11,3,3,6,5
"3971","2016-11-14",17,8,9,5,3,6,3
"3972","2016-11-15",29,17,12,7,10,5,7
"3973","2016-11-16",23,10,13,5,5,7,6
"3974","2016-11-17",19,9,10,5,4,3,7
"3975","2016-11-18",18,9,9,4,5,5,4
"3976","2016-11-19",12,5,7,3,2,4,3
"3977","2016-11-20",15,5,10,2,3,2,8
"3978","2016-11-21",25,8,17,4,4,5,12
"3979","2016-11-22",23,7,16,4,3,9,7
"3980","2016-11-23",17,8,9,5,3,4,5
"3981","2016-11-24",25,15,10,6,9,6,4
"3982","2016-11-25",19,14,5,7,7,2,3
"3983","2016-11-26",28,17,11,8,9,5,6
"3984","2016-11-27",26,10,16,4,6,11,5
"3985","2016-11-28",18,6,12,4,2,6,6
"3986","2016-11-29",23,13,10,8,5,8,2
"3987","2016-11-30",19,5,14,0,5,4,10
"3988","2016-12-01",20,10,10,7,3,6,4
"3989","2016-12-02",22,14,8,7,7,5,3
"3990","2016-12-03",25,11,14,6,5,5,9
"3991","2016-12-04",16,10,6,4,6,1,5
"3992","2016-12-05",27,14,13,8,6,8,5
"3993","2016-12-06",20,10,10,5,5,4,6
"3994","2016-12-07",28,17,11,12,5,7,4
"3995","2016-12-08",18,10,8,6,4,4,4
"3996","2016-12-09",17,5,12,3,2,8,4
"3997","2016-12-10",14,7,7,4,3,3,4
"3998","2016-12-11",20,5,15,3,2,11,4
"3999","2016-12-12",17,7,10,4,3,6,4
"4000","2016-12-13",21,9,12,3,6,6,6
"4001","2016-12-14",24,15,9,8,7,4,5
"4002","2016-12-15",17,9,8,3,6,3,5
"4003","2016-12-16",17,7,10,5,2,6,4
"4004","2016-12-17",17,13,4,8,5,2,2
"4005","2016-12-18",16,8,8,5,3,5,3
"4006","2016-12-19",28,18,10,10,8,3,7
"4007","2016-12-20",19,14,5,4,10,3,2
"4008","2016-12-21",22,12,10,4,8,3,7
"4009","2016-12-22",18,9,9,6,3,3,6
"4010","2016-12-23",13,6,7,1,5,2,5
"4011","2016-12-24",25,10,15,3,7,6,9
"4012","2016-12-25",23,12,11,6,6,5,6
"4013","2016-12-26",28,13,15,6,7,6,9
"4014","2016-12-27",24,14,10,7,7,6,4
"4015","2016-12-28",24,10,14,5,5,7,7
"4016","2016-12-29",21,11,10,6,5,5,5
"4017","2016-12-30",19,7,12,5,2,7,5
"4018","2016-12-31",32,17,15,10,7,7,8
"4019","2017-01-01",23,8,15,4,4,6,9
"4020","2017-01-02",20,7,13,3,4,3,10
"4021","2017-01-03",19,10,9,5,5,5,4
"4022","2017-01-04",24,11,13,6,5,10,3
"4023","2017-01-05",29,18,11,11,7,6,5
"4024","2017-01-06",21,8,13,3,5,4,9
"4025","2017-01-07",16,9,7,3,6,2,5
"4026","2017-01-08",18,11,7,4,7,4,3
"4027","2017-01-09",23,11,12,5,6,4,8
"4028","2017-01-10",17,9,8,3,6,2,6
"4029","2017-01-11",17,9,8,6,3,4,4
"4030","2017-01-12",16,9,7,5,4,4,3
"4031","2017-01-13",18,7,11,5,2,9,2
"4032","2017-01-14",24,13,11,5,8,9,2
"4033","2017-01-15",11,5,6,4,1,2,4
"4034","2017-01-16",17,6,11,6,0,5,6
"4035","2017-01-17",18,10,8,7,3,4,4
"4036","2017-01-18",28,17,11,4,13,5,6
"4037","2017-01-19",24,12,12,6,6,6,6
"4038","2017-01-20",26,12,14,3,9,11,3
"4039","2017-01-21",30,14,16,7,7,11,5
"4040","2017-01-22",16,8,8,5,3,3,5
"4041","2017-01-23",15,8,7,5,3,1,6
"4042","2017-01-24",27,10,17,7,3,8,9
"4043","2017-01-25",23,10,13,8,2,8,5
"4044","2017-01-26",28,14,14,9,5,6,8
"4045","2017-01-27",25,5,20,2,3,7,13
"4046","2017-01-28",17,8,9,1,7,4,5
"4047","2017-01-29",29,18,11,7,11,3,8
"4048","2017-01-30",20,9,11,6,3,5,6
"4049","2017-01-31",18,10,8,2,8,4,4
"4050","2017-02-01",16,5,11,5,0,5,6
"4051","2017-02-02",19,9,10,6,3,5,5
"4052","2017-02-03",23,7,16,4,3,9,7
"4053","2017-02-04",19,11,8,7,4,3,5
"4054","2017-02-05",24,10,14,5,5,5,9
"4055","2017-02-06",23,10,13,6,4,6,7
"4056","2017-02-07",27,14,13,8,6,8,5
"4057","2017-02-08",22,13,9,8,5,0,9
"4058","2017-02-09",20,11,9,4,7,5,4
"4059","2017-02-10",16,10,6,4,6,3,3
"4060","2017-02-11",17,13,4,8,5,2,2
"4061","2017-02-12",14,5,9,2,3,6,3
"4062","2017-02-13",20,14,6,7,7,2,4
"4063","2017-02-14",28,15,13,9,6,4,9
"4064","2017-02-15",20,7,13,4,3,11,2
"4065","2017-02-16",27,14,13,5,9,9,4
"4066","2017-02-17",26,11,15,5,6,11,4
"4067","2017-02-18",23,10,13,3,7,5,8
"4068","2017-02-19",24,11,13,6,5,7,6
"4069","2017-02-20",18,8,10,5,3,5,5
"4070","2017-02-21",17,11,6,5,6,5,1
"4071","2017-02-22",19,10,9,5,5,3,6
"4072","2017-02-23",21,13,8,7,6,3,5
"4073","2017-02-24",21,13,8,6,7,4,4
"4074","2017-02-25",29,15,14,10,5,7,7
"4075","2017-02-26",20,9,11,6,3,4,7
"4076","2017-02-27",18,3,15,1,2,8,7
"4077","2017-02-28",19,11,8,6,5,6,2
"4078","2017-03-01",14,7,7,4,3,4,3
"4079","2017-03-02",18,10,8,6,4,4,4
"4080","2017-03-03",22,14,8,3,11,4,4
"4081","2017-03-04",27,15,12,9,6,6,6
"4082","2017-03-05",17,10,7,7,3,4,3
"4083","2017-03-06",18,8,10,4,4,5,5
"4084","2017-03-07",15,9,6,2,7,3,3
"4085","2017-03-08",21,10,11,4,6,7,4
"4086","2017-03-09",25,10,15,5,5,8,7
"4087","2017-03-10",21,12,9,4,8,6,3
"4088","2017-03-11",24,9,15,6,3,6,9
"4089","2017-03-12",20,6,14,1,5,7,7
"4090","2017-03-13",22,12,10,5,7,5,5
"4091","2017-03-14",16,10,6,3,7,2,4
"4092","2017-03-15",13,6,7,3,3,4,3
"4093","2017-03-16",21,13,8,6,7,3,5
"4094","2017-03-17",22,14,8,6,8,4,4
"4095","2017-03-18",19,9,10,3,6,7,3
"4096","2017-03-19",19,9,10,4,5,8,2
"4097","2017-03-20",20,8,12,5,3,4,8
"4098","2017-03-21",19,8,11,5,3,4,7
"4099","2017-03-22",17,7,10,3,4,7,3
"4100","2017-03-23",12,4,8,1,3,5,3
"4101","2017-03-24",20,10,10,8,2,6,4
"4102","2017-03-25",18,11,7,4,7,1,6
"4103","2017-03-26",22,12,10,8,4,6,4
"4104","2017-03-27",20,11,9,6,5,4,5
"4105","2017-03-28",28,9,19,7,2,7,12
"4106","2017-03-29",18,9,9,2,7,6,3
"4107","2017-03-30",26,11,15,7,4,5,10
"4108","2017-03-31",25,16,9,13,3,2,7
"4109","2017-04-01",19,7,12,4,3,6,6
"4110","2017-04-02",17,8,9,2,6,6,3
"4111","2017-04-03",28,17,11,14,3,9,2
"4112","2017-04-04",19,10,9,7,3,4,5
"4113","2017-04-05",25,13,12,9,4,6,6
"4114","2017-04-06",18,9,9,4,5,6,3
"4115","2017-04-07",23,11,12,5,6,6,6
"4116","2017-04-08",21,8,13,4,4,5,8
"4117","2017-04-09",28,15,13,6,9,7,6
"4118","2017-04-10",26,14,12,6,8,7,5
"4119","2017-04-11",23,14,9,9,5,4,5
"4120","2017-04-12",16,7,9,5,2,2,7
"4121","2017-04-13",18,9,9,3,6,5,4
"4122","2017-04-14",19,8,11,3,5,5,6
"4123","2017-04-15",26,13,13,6,7,8,5
"4124","2017-04-16",25,13,12,6,7,5,7
"4125","2017-04-17",22,11,11,7,4,8,3
"4126","2017-04-18",18,6,12,4,2,5,7
"4127","2017-04-19",19,8,11,3,5,7,4
"4128","2017-04-20",28,11,17,4,7,7,10
"4129","2017-04-21",20,16,4,7,9,2,2
"4130","2017-04-22",19,12,7,6,6,3,4
"4131","2017-04-23",19,12,7,6,6,4,3
"4132","2017-04-24",24,14,10,8,6,6,4
"4133","2017-04-25",15,9,6,5,4,5,1
"4134","2017-04-26",10,6,4,3,3,3,1
"4135","2017-04-27",14,5,9,3,2,7,2
"4136","2017-04-28",21,10,11,4,6,4,7
"4137","2017-04-29",28,11,17,7,4,7,10
"4138","2017-04-30",20,10,10,2,8,7,3
"4139","2017-05-01",19,7,12,3,4,7,5
"4140","2017-05-02",22,13,9,6,7,4,5
"4141","2017-05-03",20,10,10,4,6,5,5
"4142","2017-05-04",11,6,5,3,3,1,4
"4143","2017-05-05",21,11,10,3,8,3,7
"4144","2017-05-06",22,16,6,8,8,3,3
"4145","2017-05-07",20,7,13,3,4,8,5
"4146","2017-05-08",11,4,7,2,2,2,5
"4147","2017-05-09",20,9,11,6,3,4,7
"4148","2017-05-10",21,6,15,1,5,6,9
"4149","2017-05-11",20,12,8,7,5,2,6
"4150","2017-05-12",20,12,8,7,5,4,4
"4151","2017-05-13",26,17,9,11,6,4,5
"4152","2017-05-14",21,13,8,8,5,7,1
"4153","2017-05-15",25,15,10,8,7,8,2
"4154","2017-05-16",25,17,8,11,6,5,3
"4155","2017-05-17",25,16,9,8,8,5,4
"4156","2017-05-18",30,17,13,8,9,6,7
"4157","2017-05-19",35,20,15,11,9,10,5
"4158","2017-05-20",25,12,13,7,5,5,8
"4159","2017-05-21",12,4,8,1,3,3,5
"4160","2017-05-22",15,12,3,5,7,3,0
"4161","2017-05-23",21,11,10,7,4,5,5
"4162","2017-05-24",19,6,13,3,3,8,5
"4163","2017-05-25",26,14,12,8,6,7,5
"4164","2017-05-26",25,11,14,5,6,4,10
"4165","2017-05-27",20,11,9,8,3,5,4
"4166","2017-05-28",29,10,19,6,4,13,6
"4167","2017-05-29",21,10,11,6,4,5,6
"4168","2017-05-30",26,12,14,4,8,8,6
"4169","2017-05-31",18,8,10,3,5,3,7
"4170","2017-06-01",20,10,10,6,4,3,7
"4171","2017-06-02",17,10,7,8,2,5,2
"4172","2017-06-03",23,13,10,6,7,7,3
"4173","2017-06-04",26,13,13,6,7,9,4
"4174","2017-06-05",18,10,8,3,7,4,4
"4175","2017-06-06",17,11,6,7,4,4,2
"4176","2017-06-07",18,9,9,4,5,4,5
"4177","2017-06-08",23,9,14,5,4,8,6
"4178","2017-06-09",20,9,11,6,3,6,5
"4179","2017-06-10",22,14,8,4,10,3,5
"4180","2017-06-11",20,5,15,5,0,10,5
"4181","2017-06-12",24,11,13,8,3,7,6
"4182","2017-06-13",11,5,6,3,2,4,2
"4183","2017-06-14",23,15,8,6,9,3,5
"4184","2017-06-15",22,7,15,2,5,6,9
"4185","2017-06-16",14,7,7,4,3,2,5
"4186","2017-06-17",23,8,15,4,4,4,11
"4187","2017-06-18",20,7,13,3,4,7,6
"4188","2017-06-19",21,13,8,8,5,1,7
"4189","2017-06-20",22,10,12,6,4,6,6
"4190","2017-06-21",19,10,9,5,5,5,4
"4191","2017-06-22",13,10,3,4,6,2,1
"4192","2017-06-23",25,14,11,10,4,7,4
"4193","2017-06-24",26,11,15,8,3,7,8
"4194","2017-06-25",27,11,16,4,7,6,10
"4195","2017-06-26",16,12,4,5,7,1,3
"4196","2017-06-27",25,18,7,8,10,2,5
"4197","2017-06-28",31,16,15,9,7,6,9
"4198","2017-06-29",11,5,6,4,1,2,4
"4199","2017-06-30",14,5,9,2,3,6,3
"4200","2017-07-01",17,8,9,2,6,2,7
"4201","2017-07-02",21,11,10,4,7,5,5
"4202","2017-07-03",25,12,13,5,7,9,4
"4203","2017-07-04",24,13,11,6,7,5,6
"4204","2017-07-05",22,13,9,7,6,6,3
"4205","2017-07-06",25,13,12,8,5,6,6
"4206","2017-07-07",20,11,9,6,5,5,4
"4207","2017-07-08",21,9,12,3,6,4,8
"4208","2017-07-09",14,6,8,4,2,4,4
"4209","2017-07-10",25,13,12,6,7,3,9
"4210","2017-07-11",20,11,9,6,5,3,6
"4211","2017-07-12",22,13,9,7,6,4,5
"4212","2017-07-13",27,12,15,6,6,10,5
"4213","2017-07-14",16,9,7,2,7,5,2
"4214","2017-07-15",18,6,12,3,3,5,7
"4215","2017-07-16",22,16,6,4,12,3,3
"4216","2017-07-17",29,7,22,3,4,12,10
"4217","2017-07-18",11,6,5,4,2,5,0
"4218","2017-07-19",25,13,12,7,6,7,5
"4219","2017-07-20",17,9,8,3,6,4,4
"4220","2017-07-21",19,10,9,5,5,4,5
"4221","2017-07-22",22,7,15,3,4,8,7
"4222","2017-07-23",22,10,12,3,7,8,4
"4223","2017-07-24",26,16,10,8,8,6,4
"4224","2017-07-25",23,13,10,6,7,5,5
"4225","2017-07-26",16,6,10,1,5,5,5
"4226","2017-07-27",17,11,6,6,5,2,4
"4227","2017-07-28",27,14,13,7,7,8,5
"4228","2017-07-29",19,8,11,4,4,7,4
"4229","2017-07-30",19,9,10,4,5,6,4
"4230","2017-07-31",18,9,9,4,5,6,3
"4231","2017-08-01",14,9,5,6,3,2,3
"4232","2017-08-02",22,14,8,7,7,4,4
"4233","2017-08-03",20,11,9,6,5,5,4
"4234","2017-08-04",18,6,12,5,1,6,6
"4235","2017-08-05",16,10,6,5,5,3,3
"4236","2017-08-06",17,9,8,3,6,3,5
"4237","2017-08-07",16,8,8,3,5,5,3
"4238","2017-08-08",23,15,8,8,7,2,6
"4239","2017-08-09",24,15,9,5,10,4,5
"4240","2017-08-10",18,9,9,5,4,3,6
"4241","2017-08-11",17,12,5,6,6,5,0
"4242","2017-08-12",19,6,13,2,4,9,4
"4243","2017-08-13",18,9,9,1,8,4,5
"4244","2017-08-14",18,10,8,7,3,2,6
"4245","2017-08-15",23,12,11,6,6,5,6
"4246","2017-08-16",18,5,13,1,4,7,6
"4247","2017-08-17",25,13,12,9,4,4,8
"4248","2017-08-18",19,9,10,7,2,3,7
"4249","2017-08-19",20,7,13,2,5,8,5
"4250","2017-08-20",17,6,11,1,5,6,5
"4251","2017-08-21",19,6,13,1,5,4,9
"4252","2017-08-22",24,13,11,9,4,5,6
"4253","2017-08-23",31,16,15,9,7,4,11
"4254","2017-08-24",17,9,8,3,6,5,3
"4255","2017-08-25",23,11,12,4,7,7,5
"4256","2017-08-26",18,9,9,5,4,3,6
"4257","2017-08-27",20,6,14,2,4,9,5
"4258","2017-08-28",19,7,12,5,2,4,8
"4259","2017-08-29",25,13,12,5,8,9,3
"4260","2017-08-30",19,9,10,6,3,5,5
"4261","2017-08-31",18,10,8,5,5,4,4
"4262","2017-09-01",23,11,12,4,7,6,6
"4263","2017-09-02",24,14,10,5,9,6,4
"4264","2017-09-03",26,19,7,11,8,3,4
"4265","2017-09-04",24,11,13,6,5,5,8
"4266","2017-09-05",22,10,12,3,7,6,6
"4267","2017-09-06",17,8,9,4,4,5,4
"4268","2017-09-07",15,5,10,4,1,5,5
"4269","2017-09-08",22,9,13,2,7,2,11
"4270","2017-09-09",23,7,16,5,2,6,10
"4271","2017-09-10",26,10,16,7,3,6,10
"4272","2017-09-11",23,9,14,6,3,9,5
"4273","2017-09-12",20,13,7,4,9,2,5
"4274","2017-09-13",26,14,12,7,7,4,8
"4275","2017-09-14",16,10,6,5,5,3,3
"4276","2017-09-15",16,6,10,4,2,4,6
"4277","2017-09-16",16,12,4,8,4,1,3
"4278","2017-09-17",16,8,8,4,4,4,4
"4279","2017-09-18",25,15,10,8,7,5,5
"4280","2017-09-19",25,11,14,4,7,7,7
"4281","2017-09-20",23,15,8,9,6,2,6
"4282","2017-09-21",21,8,13,4,4,9,4
"4283","2017-09-22",16,9,7,4,5,3,4
"4284","2017-09-23",23,11,12,6,5,8,4
"4285","2017-09-24",23,9,14,5,4,7,7
"4286","2017-09-25",13,7,6,3,4,2,4
"4287","2017-09-26",19,13,6,8,5,2,4
"4288","2017-09-27",18,6,12,4,2,5,7
"4289","2017-09-28",27,13,14,7,6,4,10
"4290","2017-09-29",21,10,11,2,8,6,5
"4291","2017-09-30",19,10,9,6,4,7,2
"4292","2017-10-01",18,8,10,5,3,4,6
"4293","2017-10-02",27,11,16,5,6,10,6
"4294","2017-10-03",21,11,10,3,8,5,5
"4295","2017-10-04",23,9,14,4,5,9,5
"4296","2017-10-05",18,9,9,4,5,3,6
"4297","2017-10-06",17,7,10,3,4,5,5
"4298","2017-10-07",13,7,6,4,3,2,4
"4299","2017-10-08",21,9,12,3,6,7,5
"4300","2017-10-09",23,11,12,4,7,5,7
"4301","2017-10-10",21,12,9,6,6,5,4
"4302","2017-10-11",22,11,11,5,6,6,5
"4303","2017-10-12",25,12,13,6,6,5,8
"4304","2017-10-13",29,8,21,4,4,12,9
"4305","2017-10-14",15,8,7,4,4,4,3
"4306","2017-10-15",22,11,11,4,7,8,3
"4307","2017-10-16",27,11,16,5,6,8,8
"4308","2017-10-17",13,5,8,3,2,4,4
"4309","2017-10-18",23,13,10,3,10,5,5
"4310","2017-10-19",16,8,8,2,6,5,3
"4311","2017-10-20",25,12,13,6,6,6,7
"4312","2017-10-21",20,11,9,7,4,2,7
"4313","2017-10-22",22,13,9,8,5,2,7
"4314","2017-10-23",16,9,7,3,6,3,4
"4315","2017-10-24",18,11,7,7,4,6,1
"4316","2017-10-25",19,9,10,5,4,6,4
"4317","2017-10-26",18,8,10,2,6,5,5
"4318","2017-10-27",25,14,11,6,8,7,4
"4319","2017-10-28",15,6,9,3,3,6,3
"4320","2017-10-29",29,10,19,6,4,9,10
"4321","2017-10-30",22,13,9,10,3,4,5
"4322","2017-10-31",14,8,6,2,6,5,1
"4323","2017-11-01",19,13,6,8,5,3,3
"4324","2017-11-02",17,8,9,4,4,6,3
"4325","2017-11-03",19,7,12,4,3,6,6
"4326","2017-11-04",22,10,12,7,3,6,6
"4327","2017-11-05",26,14,12,8,6,5,7
"4328","2017-11-06",24,9,15,1,8,6,9
"4329","2017-11-07",19,11,8,6,5,5,3
"4330","2017-11-08",29,13,16,8,5,7,9
"4331","2017-11-09",17,7,10,5,2,4,6
"4332","2017-11-10",27,11,16,5,6,4,12
"4333","2017-11-11",31,16,15,7,9,12,3
"4334","2017-11-12",18,12,6,8,4,5,1
"4335","2017-11-13",26,18,8,8,10,4,4
"4336","2017-11-14",18,11,7,7,4,3,4
"4337","2017-11-15",26,12,14,6,6,10,4
"4338","2017-11-16",16,9,7,7,2,4,3
"4339","2017-11-17",24,12,12,2,10,8,4
"4340","2017-11-18",18,7,11,3,4,6,5
"4341","2017-11-19",22,10,12,7,3,2,10
"4342","2017-11-20",27,14,13,7,7,8,5
"4343","2017-11-21",15,7,8,1,6,4,4
"4344","2017-11-22",20,8,12,4,4,5,7
"4345","2017-11-23",19,8,11,3,5,1,10
"4346","2017-11-24",26,8,18,3,5,13,5
"4347","2017-11-25",24,10,14,9,1,7,7
"4348","2017-11-26",26,15,11,5,10,5,6
"4349","2017-11-27",15,7,8,2,5,5,3
"4350","2017-11-28",19,11,8,3,8,3,5
"4351","2017-11-29",20,13,7,6,7,5,2
"4352","2017-11-30",25,14,11,7,7,6,5
"4353","2017-12-01",20,10,10,4,6,4,6
"4354","2017-12-02",25,15,10,6,9,1,9
"4355","2017-12-03",20,9,11,3,6,4,7
"4356","2017-12-04",27,16,11,8,8,6,5
"4357","2017-12-05",32,17,15,8,9,8,7
"4358","2017-12-06",32,17,15,10,7,6,9
"4359","2017-12-07",28,10,18,2,8,7,11
"4360","2017-12-08",18,10,8,7,3,4,4
"4361","2017-12-09",21,10,11,4,6,7,4
"4362","2017-12-10",22,14,8,7,7,3,5
"4363","2017-12-11",23,16,7,7,9,5,2
"4364","2017-12-12",13,9,4,5,4,2,2
"4365","2017-12-13",28,17,11,13,4,6,5
"4366","2017-12-14",23,10,13,3,7,8,5
"4367","2017-12-15",28,17,11,10,7,4,7
"4368","2017-12-16",20,6,14,3,3,8,6
"4369","2017-12-17",22,7,15,1,6,6,9
"4370","2017-12-18",25,13,12,8,5,8,4
"4371","2017-12-19",36,19,17,9,10,9,8
"4372","2017-12-20",20,6,14,3,3,9,5
"4373","2017-12-21",18,11,7,5,6,2,5
"4374","2017-12-22",24,9,15,4,5,9,6
"4375","2017-12-23",12,3,9,3,0,4,5
"4376","2017-12-24",15,7,8,2,5,3,5
"4377","2017-12-25",25,10,15,3,7,5,10
"4378","2017-12-26",19,10,9,5,5,7,2
"4379","2017-12-27",23,13,10,6,7,6,4
"4380","2017-12-28",29,14,15,8,6,10,5
"4381","2017-12-29",17,6,11,3,3,4,7
"4382","2017-12-30",24,10,14,7,3,10,4
"4383","2017-12-31",26,15,11,6,9,3,8
"4384","2018-01-01",23,8,15,3,5,12,3
"4385","2018-01-02",15,6,9,3,3,3,6
"4386","2018-01-03",27,17,10,10,7,5,5
"4387","2018-01-04",19,8,11,3,5,6,5
"4388","2018-01-05",21,9,12,4,5,8,4
"4389","2018-01-06",18,8,10,3,5,3,7
"4390","2018-01-07",28,12,16,6,6,9,7
"4391","2018-01-08",22,12,10,5,7,5,5
"4392","2018-01-09",26,15,11,8,7,6,5
"4393","2018-01-10",19,10,9,3,7,3,6
"4394","2018-01-11",16,12,4,5,7,1,3
"4395","2018-01-12",22,10,12,4,6,5,7
"4396","2018-01-13",22,14,8,7,7,5,3
"4397","2018-01-14",17,10,7,8,2,4,3
"4398","2018-01-15",25,13,12,7,6,5,7
"4399","2018-01-16",16,7,9,6,1,5,4
"4400","2018-01-17",19,8,11,5,3,4,7
"4401","2018-01-18",19,7,12,4,3,8,4
"4402","2018-01-19",18,5,13,2,3,5,8
"4403","2018-01-20",19,12,7,8,4,3,4
"4404","2018-01-21",21,11,10,8,3,4,6
"4405","2018-01-22",15,4,11,1,3,5,6
"4406","2018-01-23",20,8,12,6,2,7,5
"4407","2018-01-24",19,8,11,6,2,6,5
"4408","2018-01-25",21,11,10,7,4,4,6
"4409","2018-01-26",31,16,15,9,7,6,9
"4410","2018-01-27",20,11,9,4,7,4,5
"4411","2018-01-28",22,10,12,5,5,4,8
"4412","2018-01-29",20,9,11,6,3,5,6
"4413","2018-01-30",18,9,9,3,6,4,5
"4414","2018-01-31",23,15,8,9,6,4,4
"4415","2018-02-01",21,10,11,7,3,7,4
"4416","2018-02-02",25,16,9,9,7,6,3
"4417","2018-02-03",25,11,14,7,4,8,6
"4418","2018-02-04",38,21,17,11,10,6,11
"4419","2018-02-05",23,5,18,2,3,11,7
"4420","2018-02-06",22,10,12,4,6,4,8
"4421","2018-02-07",11,5,6,1,4,3,3
"4422","2018-02-08",13,8,5,2,6,2,3
"4423","2018-02-09",14,7,7,2,5,3,4
"4424","2018-02-10",29,15,14,5,10,8,6
"4425","2018-02-11",22,10,12,7,3,3,9
"4426","2018-02-12",21,13,8,3,10,4,4
"4427","2018-02-13",24,16,8,8,8,6,2
"4428","2018-02-14",14,5,9,3,2,2,7
"4429","2018-02-15",28,13,15,7,6,9,6
"4430","2018-02-16",18,6,12,4,2,6,6
"4431","2018-02-17",30,11,19,3,8,7,12
"4432","2018-02-18",14,10,4,6,4,2,2
"4433","2018-02-19",11,6,5,3,3,4,1
"4434","2018-02-20",21,8,13,3,5,7,6
"4435","2018-02-21",14,5,9,3,2,3,6
"4436","2018-02-22",25,17,8,5,12,4,4
"4437","2018-02-23",14,4,10,2,2,4,6
"4438","2018-02-24",17,9,8,7,2,3,5
"4439","2018-02-25",14,8,6,6,2,1,5
"4440","2018-02-26",22,11,11,5,6,2,9
"4441","2018-02-27",22,11,11,5,6,5,6
"4442","2018-02-28",18,7,11,2,5,6,5
"4443","2018-03-01",16,6,10,4,2,4,6
"4444","2018-03-02",23,6,17,2,4,7,10
"4445","2018-03-03",21,10,11,6,4,7,4
"4446","2018-03-04",27,12,15,7,5,8,7
"4447","2018-03-05",26,15,11,9,6,3,8
"4448","2018-03-06",29,15,14,8,7,5,9
"4449","2018-03-07",34,20,14,12,8,9,5
"4450","2018-03-08",21,9,12,2,7,7,5
"4451","2018-03-09",22,11,11,3,8,4,7
"4452","2018-03-10",22,8,14,5,3,7,7
"4453","2018-03-11",21,14,7,6,8,4,3
"4454","2018-03-12",16,8,8,5,3,4,4
"4455","2018-03-13",18,10,8,6,4,5,3
"4456","2018-03-14",20,11,9,6,5,5,4
"4457","2018-03-15",23,12,11,4,8,7,4
"4458","2018-03-16",14,8,6,5,3,4,2
"4459","2018-03-17",22,12,10,7,5,8,2
"4460","2018-03-18",23,10,13,4,6,8,5
"4461","2018-03-19",18,10,8,4,6,2,6
"4462","2018-03-20",13,6,7,2,4,5,2
"4463","2018-03-21",24,11,13,5,6,10,3
"4464","2018-03-22",25,9,16,3,6,10,6
"4465","2018-03-23",18,7,11,3,4,6,5
"4466","2018-03-24",27,13,14,3,10,7,7
"4467","2018-03-25",14,9,5,3,6,3,2
"4468","2018-03-26",16,8,8,3,5,5,3
"4469","2018-03-27",22,11,11,4,7,8,3
"4470","2018-03-28",19,10,9,5,5,4,5
"4471","2018-03-29",29,20,9,10,10,4,5
"4472","2018-03-30",22,13,9,6,7,5,4
"4473","2018-03-31",19,7,12,2,5,7,5
"4474","2018-04-01",20,10,10,6,4,7,3
"4475","2018-04-02",20,10,10,7,3,2,8
"4476","2018-04-03",16,9,7,3,6,3,4
"4477","2018-04-04",19,12,7,6,6,1,6
"4478","2018-04-05",25,10,15,7,3,7,8
"4479","2018-04-06",20,9,11,4,5,6,5
"4480","2018-04-07",22,8,14,4,4,4,10
"4481","2018-04-08",26,12,14,6,6,8,6
"4482","2018-04-09",20,5,15,3,2,6,9
"4483","2018-04-10",20,8,12,1,7,6,6
"4484","2018-04-11",28,12,16,6,6,5,11
"4485","2018-04-12",14,3,11,1,2,8,3
"4486","2018-04-13",17,7,10,5,2,6,4
"4487","2018-04-14",24,15,9,5,10,6,3
"4488","2018-04-15",21,9,12,3,6,8,4
"4489","2018-04-16",15,8,7,4,4,4,3
"4490","2018-04-17",16,9,7,7,2,2,5
"4491","2018-04-18",22,10,12,1,9,3,9
"4492","2018-04-19",20,10,10,5,5,1,9
"4493","2018-04-20",11,7,4,7,0,3,1
"4494","2018-04-21",29,17,12,8,9,6,6
"4495","2018-04-22",24,7,17,4,3,5,12
"4496","2018-04-23",24,12,12,10,2,3,9
"4497","2018-04-24",22,12,10,8,4,4,6
"4498","2018-04-25",10,7,3,4,3,1,2
"4499","2018-04-26",23,13,10,7,6,4,6
"4500","2018-04-27",23,11,12,4,7,7,5
"4501","2018-04-28",27,15,12,11,4,5,7
"4502","2018-04-29",24,13,11,5,8,7,4
"4503","2018-04-30",17,10,7,6,4,5,2
"4504","2018-05-01",12,8,4,4,4,1,3
"4505","2018-05-02",22,11,11,5,6,4,7
"4506","2018-05-03",18,11,7,7,4,4,3
"4507","2018-05-04",32,18,14,11,7,3,11
"4508","2018-05-05",15,5,10,1,4,6,4
"4509","2018-05-06",31,12,19,5,7,7,12
"4510","2018-05-07",19,5,14,2,3,8,6
"4511","2018-05-08",20,10,10,4,6,4,6
"4512","2018-05-09",26,16,10,6,10,5,5
"4513","2018-05-10",9,6,3,2,4,2,1
"4514","2018-05-11",24,10,14,4,6,7,7
"4515","2018-05-12",27,16,11,8,8,4,7
"4516","2018-05-13",22,5,17,2,3,6,11
"4517","2018-05-14",20,14,6,9,5,2,4
"4518","2018-05-15",23,13,10,10,3,9,1
"4519","2018-05-16",20,11,9,6,5,4,5
"4520","2018-05-17",17,9,8,6,3,6,2
"4521","2018-05-18",17,10,7,6,4,2,5
"4522","2018-05-19",23,11,12,3,8,7,5
"4523","2018-05-20",22,14,8,5,9,2,6
"4524","2018-05-21",21,12,9,7,5,6,3
"4525","2018-05-22",19,16,3,6,10,0,3
"4526","2018-05-23",15,6,9,4,2,5,4
"4527","2018-05-24",20,11,9,6,5,4,5
"4528","2018-05-25",18,6,12,2,4,7,5
"4529","2018-05-26",21,12,9,5,7,3,6
"4530","2018-05-27",21,14,7,5,9,2,5
"4531","2018-05-28",27,14,13,5,9,7,6
"4532","2018-05-29",24,11,13,4,7,11,2
"4533","2018-05-30",26,17,9,10,7,5,4
"4534","2018-05-31",20,13,7,5,8,2,5
"4535","2018-06-01",23,12,11,4,8,4,7
"4536","2018-06-02",26,8,18,4,4,8,10
"4537","2018-06-03",20,11,9,7,4,4,5
"4538","2018-06-04",25,16,9,10,6,5,4
"4539","2018-06-05",20,10,10,6,4,5,5
"4540","2018-06-06",18,12,6,6,6,5,1
"4541","2018-06-07",23,7,16,6,1,6,10
"4542","2018-06-08",19,9,10,5,4,6,4
"4543","2018-06-09",19,8,11,2,6,6,5
"4544","2018-06-10",27,11,16,3,8,8,8
"4545","2018-06-11",24,15,9,8,7,4,5
"4546","2018-06-12",22,9,13,5,4,4,9
"4547","2018-06-13",21,13,8,7,6,2,6
"4548","2018-06-14",17,10,7,2,8,5,2
"4549","2018-06-15",28,12,16,8,4,9,7
"4550","2018-06-16",20,15,5,7,8,3,2
"4551","2018-06-17",27,12,15,7,5,6,9
"4552","2018-06-18",18,6,12,4,2,11,1
"4553","2018-06-19",23,13,10,7,6,6,4
"4554","2018-06-20",14,8,6,3,5,5,1
"4555","2018-06-21",30,12,18,6,6,5,13
"4556","2018-06-22",18,12,6,5,7,4,2
"4557","2018-06-23",17,8,9,3,5,5,4
"4558","2018-06-24",24,10,14,4,6,10,4
"4559","2018-06-25",21,9,12,5,4,6,6
"4560","2018-06-26",25,9,16,5,4,8,8
"4561","2018-06-27",26,12,14,10,2,6,8
"4562","2018-06-28",31,13,18,2,11,12,6
"4563","2018-06-29",33,17,16,8,9,8,8
"4564","2018-06-30",27,17,10,7,10,5,5
"4565","2018-07-01",19,13,6,7,6,2,4
"4566","2018-07-02",20,11,9,6,5,5,4
"4567","2018-07-03",22,11,11,5,6,5,6
"4568","2018-07-04",20,11,9,6,5,4,5
"4569","2018-07-05",21,11,10,5,6,5,5
"4570","2018-07-06",17,9,8,6,3,5,3
"4571","2018-07-07",22,7,15,4,3,7,8
"4572","2018-07-08",20,13,7,5,8,3,4
"4573","2018-07-09",31,19,12,11,8,5,7
"4574","2018-07-10",12,5,7,3,2,6,1
"4575","2018-07-11",18,8,10,5,3,4,6
"4576","2018-07-12",12,9,3,5,4,1,2
"4577","2018-07-13",18,8,10,4,4,5,5
"4578","2018-07-14",22,6,16,2,4,10,6
"4579","2018-07-15",29,10,19,7,3,15,4
"4580","2018-07-16",21,8,13,3,5,3,10
"4581","2018-07-17",24,13,11,7,6,6,5
"4582","2018-07-18",24,9,15,5,4,9,6
"4583","2018-07-19",18,11,7,4,7,3,4
"4584","2018-07-20",25,9,16,5,4,6,10
"4585","2018-07-21",22,6,16,2,4,5,11
"4586","2018-07-22",20,17,3,12,5,2,1
"4587","2018-07-23",27,11,16,5,6,13,3
"4588","2018-07-24",33,19,14,13,6,6,8
"4589","2018-07-25",17,10,7,8,2,3,4
"4590","2018-07-26",18,8,10,3,5,4,6
"4591","2018-07-27",21,9,12,2,7,8,4
"4592","2018-07-28",21,9,12,5,4,4,8
"4593","2018-07-29",24,15,9,6,9,3,6
"4594","2018-07-30",23,10,13,3,7,4,9
"4595","2018-07-31",21,11,10,7,4,5,5
"4596","2018-08-01",25,12,13,6,6,8,5
"4597","2018-08-02",14,4,10,2,2,2,8
"4598","2018-08-03",24,11,13,4,7,8,5
"4599","2018-08-04",17,8,9,6,2,4,5
"4600","2018-08-05",19,10,9,5,5,5,4
"4601","2018-08-06",15,10,5,7,3,3,2
"4602","2018-08-07",30,16,14,5,11,7,7
"4603","2018-08-08",26,12,14,7,5,6,8
"4604","2018-08-09",23,9,14,4,5,5,9
"4605","2018-08-10",16,9,7,6,3,2,5
"4606","2018-08-11",26,12,14,7,5,6,8
"4607","2018-08-12",17,8,9,6,2,4,5
"4608","2018-08-13",23,9,14,5,4,8,6
"4609","2018-08-14",23,12,11,9,3,7,4
"4610","2018-08-15",21,10,11,4,6,5,6
"4611","2018-08-16",15,7,8,2,5,6,2
"4612","2018-08-17",22,12,10,7,5,7,3
"4613","2018-08-18",23,9,14,5,4,8,6
"4614","2018-08-19",20,10,10,4,6,6,4
"4615","2018-08-20",19,6,13,4,2,5,8
"4616","2018-08-21",19,10,9,4,6,4,5
"4617","2018-08-22",23,13,10,4,9,7,3
"4618","2018-08-23",30,14,16,5,9,9,7
"4619","2018-08-24",18,9,9,5,4,6,3
"4620","2018-08-25",19,12,7,4,8,4,3
"4621","2018-08-26",20,9,11,3,6,6,5
"4622","2018-08-27",19,10,9,7,3,4,5
"4623","2018-08-28",18,10,8,6,4,4,4
"4624","2018-08-29",18,9,9,4,5,4,5
"4625","2018-08-30",25,10,15,5,5,8,7
"4626","2018-08-31",15,11,4,6,5,1,3
"4627","2018-09-01",14,7,7,7,0,3,4
"4628","2018-09-02",26,15,11,7,8,5,6
"4629","2018-09-03",22,9,13,3,6,5,8
"4630","2018-09-04",20,10,10,7,3,5,5
"4631","2018-09-05",23,15,8,6,9,3,5
"4632","2018-09-06",20,11,9,3,8,5,4
"4633","2018-09-07",29,21,8,8,13,4,4
"4634","2018-09-08",14,9,5,6,3,2,3
"4635","2018-09-09",17,11,6,4,7,3,3
"4636","2018-09-10",22,6,16,4,2,6,10
"4637","2018-09-11",25,10,15,5,5,8,7
"4638","2018-09-12",26,15,11,7,8,4,7
"4639","2018-09-13",18,7,11,4,3,6,5
"4640","2018-09-14",23,12,11,4,8,6,5
"4641","2018-09-15",25,12,13,2,10,7,6
"4642","2018-09-16",22,14,8,7,7,3,5
"4643","2018-09-17",18,8,10,3,5,4,6
"4644","2018-09-18",18,9,9,3,6,6,3
"4645","2018-09-19",21,9,12,3,6,4,8
"4646","2018-09-20",14,7,7,3,4,6,1
"4647","2018-09-21",22,12,10,4,8,4,6
"4648","2018-09-22",20,9,11,2,7,4,7
"4649","2018-09-23",20,11,9,5,6,5,4
"4650","2018-09-24",23,11,12,5,6,7,5
"4651","2018-09-25",24,13,11,4,9,6,5
"4652","2018-09-26",15,8,7,5,3,3,4
"4653","2018-09-27",18,10,8,6,4,3,5
"4654","2018-09-28",18,8,10,5,3,5,5
"4655","2018-09-29",23,11,12,7,4,8,4
"4656","2018-09-30",16,8,8,1,7,4,4
"4657","2018-10-01",26,14,12,7,7,6,6
"4658","2018-10-02",20,8,12,6,2,9,3
"4659","2018-10-03",21,10,11,6,4,5,6
"4660","2018-10-04",11,7,4,5,2,2,2
"4661","2018-10-05",22,12,10,7,5,4,6
"4662","2018-10-06",20,11,9,6,5,4,5
"4663","2018-10-07",26,18,8,7,11,3,5
"4664","2018-10-08",19,11,8,5,6,2,6
"4665","2018-10-09",16,12,4,4,8,3,1
"4666","2018-10-10",25,13,12,6,7,9,3
"4667","2018-10-11",23,10,13,7,3,3,10
"4668","2018-10-12",16,7,9,4,3,4,5
"4669","2018-10-13",16,7,9,5,2,5,4
"4670","2018-10-14",23,14,9,8,6,4,5
"4671","2018-10-15",19,9,10,6,3,6,4
"4672","2018-10-16",14,7,7,3,4,4,3
"4673","2018-10-17",24,16,8,11,5,1,7
"4674","2018-10-18",18,7,11,2,5,6,5
"4675","2018-10-19",19,8,11,7,1,7,4
"4676","2018-10-20",16,7,9,4,3,8,1
"4677","2018-10-21",24,11,13,5,6,7,6
"4678","2018-10-22",23,13,10,7,6,5,5
"4679","2018-10-23",21,13,8,7,6,6,2
"4680","2018-10-24",20,10,10,4,6,4,6
"4681","2018-10-25",24,10,14,5,5,10,4
"4682","2018-10-26",24,12,12,5,7,4,8
"4683","2018-10-27",16,7,9,3,4,5,4
"4684","2018-10-28",15,6,9,1,5,6,3
"4685","2018-10-29",17,9,8,7,2,3,5
"4686","2018-10-30",18,11,7,6,5,3,4
"4687","2018-10-31",22,10,12,4,6,8,4
"4688","2018-11-01",26,15,11,5,10,5,6
"4689","2018-11-02",26,13,13,7,6,9,4
"4690","2018-11-03",13,4,9,0,4,6,3
"4691","2018-11-04",27,13,14,3,10,9,5
"4692","2018-11-05",27,13,14,9,4,9,5
"4693","2018-11-06",27,12,15,5,7,9,6
"4694","2018-11-07",20,10,10,6,4,5,5
"4695","2018-11-08",26,10,16,5,5,7,9
"4696","2018-11-09",26,16,10,8,8,4,6
"4697","2018-11-10",17,9,8,3,6,5,3
"4698","2018-11-11",20,9,11,1,8,7,4
"4699","2018-11-12",18,10,8,5,5,5,3
"4700","2018-11-13",22,15,7,7,8,5,2
"4701","2018-11-14",31,15,16,5,10,6,10
"4702","2018-11-15",21,11,10,6,5,5,5
"4703","2018-11-16",19,7,12,4,3,9,3
"4704","2018-11-17",20,12,8,4,8,2,6
"4705","2018-11-18",33,20,13,7,13,8,5
"4706","2018-11-19",19,11,8,5,6,5,3
"4707","2018-11-20",22,11,11,6,5,4,7
"4708","2018-11-21",20,8,12,4,4,7,5
"4709","2018-11-22",27,10,17,5,5,11,6
"4710","2018-11-23",24,12,12,5,7,5,7
"4711","2018-11-24",33,18,15,9,9,11,4
"4712","2018-11-25",27,17,10,7,10,6,4
"4713","2018-11-26",34,18,16,7,11,11,5
"4714","2018-11-27",26,13,13,10,3,7,6
"4715","2018-11-28",19,10,9,8,2,4,5
"4716","2018-11-29",24,13,11,10,3,8,3
"4717","2018-11-30",22,10,12,5,5,6,6
"4718","2018-12-01",26,11,15,4,7,8,7
"4719","2018-12-02",11,5,6,3,2,2,4
"4720","2018-12-03",20,9,11,6,3,3,8
"4721","2018-12-04",21,13,8,6,7,4,4
"4722","2018-12-05",23,11,12,2,9,8,4
"4723","2018-12-06",19,10,9,6,4,4,5
"4724","2018-12-07",20,9,11,2,7,5,6
"4725","2018-12-08",22,11,11,6,5,6,5
"4726","2018-12-09",16,7,9,5,2,2,7
"4727","2018-12-10",20,11,9,7,4,2,7
"4728","2018-12-11",20,10,10,7,3,4,6
"4729","2018-12-12",22,8,14,2,6,6,8
"4730","2018-12-13",19,11,8,5,6,3,5
"4731","2018-12-14",20,12,8,5,7,3,5
"4732","2018-12-15",23,12,11,7,5,2,9
"4733","2018-12-16",26,11,15,6,5,7,8
"4734","2018-12-17",26,12,14,8,4,7,7
"4735","2018-12-18",18,8,10,3,5,2,8
"4736","2018-12-19",26,13,13,6,7,8,5
"4737","2018-12-20",12,4,8,4,0,3,5
"4738","2018-12-21",16,9,7,6,3,5,2
"4739","2018-12-22",29,9,20,3,6,9,11
"4740","2018-12-23",28,15,13,11,4,6,7
"4741","2018-12-24",22,6,16,5,1,7,9
"4742","2018-12-25",21,7,14,3,4,6,8
"4743","2018-12-26",19,7,12,3,4,3,9
"4744","2018-12-27",24,12,12,6,6,6,6
"4745","2018-12-28",15,6,9,3,3,4,5
"4746","2018-12-29",21,5,16,4,1,10,6
"4747","2018-12-30",20,10,10,7,3,8,2
"4748","2018-12-31",23,14,9,8,6,6,3
